$GNGGA,3954.56796,11620.32482,39.910798,116.344906
$GNGGA,3954.57456,11620.32640,39.910908,116.344932
$GNGGA,3954.58127,11620.32809,39.911020,116.344960
$GNGGA,3954.58795,11620.32986,39.911131,116.344990
$GNGGA,3954.59463,11620.33162,39.911243,116.345019
$GNGGA,3954.60131,11620.33312,39.911354,116.345044
$GNGGA,3954.60815,11620.33451,39.911468,116.345068
$GNGGA,3954.61510,11620.33572,39.911584,116.345088
$GNGGA,3954.62198,11620.33685,39.911699,116.345107
$GNGGA,3954.62893,11620.33806,39.911815,116.345127
$GNGGA,3954.63619,11620.33933,39.911936,116.345148
$GNGGA,3954.64359,11620.34054,39.912059,116.345168
$GNGGA,3954.65076,11620.34157,39.912178,116.345186
$GNGGA,3954.65770,11620.34274,39.912294,116.345205
$GNGGA,3954.66429,11620.34390,39.912404,116.345225
$GNGGA,3954.67040,11620.34488,39.912506,116.345241
$GNGGA,3954.67589,11620.34542,39.912597,116.345250
$GNGGA,3954.68086,11620.34574,39.912680,116.345255
$GNGGA,3954.68563,11620.34606,39.912760,116.345261
$GNGGA,3954.69018,11620.34615,39.912836,116.345262
$GNGGA,3954.69441,11620.34610,39.912906,116.345261
$GNGGA,3954.69775,11620.34616,39.912962,116.345262
$GNGGA,3954.70025,11620.34621,39.913003,116.345263
$GNGGA,3954.70196,11620.34625,39.913032,116.345264
$GNGGA,3954.70291,11620.34631,39.913048,116.345265
$GNGGA,3954.70333,11620.34630,39.913055,116.345265
$GNGGA,3954.70348,11620.34631,39.913057,116.345265
$GNGGA,3954.70355,11620.34631,39.913058,116.345265
$GNGGA,3954.70361,11620.34631,39.913059,116.345265
$GNGGA,3954.70366,11620.34628,39.913060,116.345264
$GNGGA,3954.70368,11620.34623,39.913061,116.345264
$GNGGA,3954.70371,11620.34619,39.913061,116.345263
$GNGGA,3954.70374,11620.34616,39.913062,116.345262
$GNGGA,3954.70375,11620.34612,39.913062,116.345262
$GNGGA,3954.70376,11620.34609,39.913062,116.345261
$GNGGA,3954.70376,11620.34607,39.913062,116.345261
$GNGGA,3954.70377,11620.34605,39.913062,116.345261
$GNGGA,3954.70378,11620.34604,39.913062,116.345260
$GNGGA,3954.70378,11620.34604,39.913062,116.345260
$GNGGA,3954.70377,11620.34602,39.913062,116.345260
$GNGGA,3954.70376,11620.34601,39.913062,116.345260
$GNGGA,3954.70375,11620.34600,39.913062,116.345260
$GNGGA,3954.70373,11620.34598,39.913061,116.345259
$GNGGA,3954.70372,11620.34595,39.913061,116.345259
$GNGGA,3954.70371,11620.34592,39.913061,116.345258
$GNGGA,3954.70370,11620.34589,39.913061,116.345258
$GNGGA,3954.70368,11620.34588,39.913061,116.345258
$GNGGA,3954.70366,11620.34589,39.913060,116.345258
$GNGGA,3954.70364,11620.34591,39.913060,116.345258
$GNGGA,3954.70363,11620.34592,39.913060,116.345258
$GNGGA,3954.70362,11620.34592,39.913060,116.345258
$GNGGA,3954.70361,11620.34592,39.913059,116.345258
$GNGGA,3954.70362,11620.34592,39.913060,116.345258
$GNGGA,3954.70409,11620.34590,39.913067,116.345258
$GNGGA,3954.70489,11620.34594,39.913081,116.345259
$GNGGA,3954.70623,11620.34596,39.913103,116.345259
$GNGGA,3954.70819,11620.34601,39.913136,116.345260
$GNGGA,3954.71080,11620.34598,39.913179,116.345259
$GNGGA,3954.71394,11620.34590,39.913232,116.345258
$GNGGA,3954.71732,11620.34572,39.913288,116.345255
$GNGGA,3954.72071,11620.34553,39.913344,116.345252
$GNGGA,3954.72399,11620.34539,39.913399,116.345250
$GNGGA,3954.72755,11620.34529,39.913458,116.345248
$GNGGA,3954.73140,11620.34517,39.913523,116.345246
$GNGGA,3954.73568,11620.34509,39.913594,116.345245
$GNGGA,3954.74002,11620.34490,39.913666,116.345241
$GNGGA,3954.74414,11620.34454,39.913735,116.345235
$GNGGA,3954.74822,11620.34423,39.913803,116.345230
$GNGGA,3954.75218,11620.34399,39.913869,116.345226
$GNGGA,3954.75630,11620.34360,39.913938,116.345220
$GNGGA,3954.76075,11620.34304,39.914012,116.345210
$GNGGA,3954.76554,11620.34256,39.914092,116.345202
$GNGGA,3954.77062,11620.34211,39.914176,116.345195
$GNGGA,3954.77609,11620.34169,39.914267,116.345188
$GNGGA,3954.78185,11620.34116,39.914363,116.345179
$GNGGA,3954.78792,11620.34049,39.914465,116.345168
$GNGGA,3954.79431,11620.33981,39.914571,116.345156
$GNGGA,3954.80107,11620.33912,39.914684,116.345145
$GNGGA,3954.80804,11620.33848,39.914800,116.345134
$GNGGA,3954.81528,11620.33793,39.914920,116.345125
$GNGGA,3954.82287,11620.33739,39.915047,116.345116
$GNGGA,3954.83060,11620.33688,39.915176,116.345108
$GNGGA,3954.83839,11620.33635,39.915306,116.345099
$GNGGA,3954.84605,11620.33585,39.915433,116.345090
$GNGGA,3954.85378,11620.33537,39.915562,116.345082
$GNGGA,3954.86168,11620.33492,39.915694,116.345075
$GNGGA,3954.86990,11620.33452,39.915831,116.345068
$GNGGA,3954.87840,11620.33409,39.915972,116.345061
$GNGGA,3954.88712,11620.33355,39.916118,116.345052
$GNGGA,3954.89575,11620.33293,39.916262,116.345042
$GNGGA,3954.90402,11620.33236,39.916399,116.345032
$GNGGA,3954.91202,11620.33192,39.916533,116.345025
$GNGGA,3954.91967,11620.33153,39.916660,116.345018
$GNGGA,3954.92713,11620.33110,39.916785,116.345011
$GNGGA,3954.93409,11620.33068,39.916901,116.345004
$GNGGA,3954.94009,11620.33034,39.917000,116.344999
$GNGGA,3954.94531,11620.33007,39.917087,116.344994
$GNGGA,3954.95020,11620.32988,39.917169,116.344991
$GNGGA,3954.95490,11620.32961,39.917247,116.344986
$GNGGA,3954.95939,11620.32930,39.917322,116.344981
$GNGGA,3954.96366,11620.32901,39.917393,116.344976
$GNGGA,3954.96739,11620.32876,39.917455,116.344972
$GNGGA,3954.97073,11620.32854,39.917511,116.344969
$GNGGA,3954.97408,11620.32840,39.917567,116.344966
$GNGGA,3954.97766,11620.32824,39.917627,116.344964
$GNGGA,3954.98155,11620.32807,39.917691,116.344961
$GNGGA,3954.98573,11620.32791,39.917761,116.344958
$GNGGA,3954.99017,11620.32770,39.917835,116.344955
$GNGGA,3954.99488,11620.32745,39.917914,116.344950
$GNGGA,3954.99983,11620.32717,39.917996,116.344946
$GNGGA,3955.00501,11620.32686,39.918082,116.344941
$GNGGA,3955.01043,11620.32656,39.918173,116.344936
$GNGGA,3955.01607,11620.32630,39.918267,116.344931
$GNGGA,3955.02192,11620.32599,39.918364,116.344926
$GNGGA,3955.02800,11620.32561,39.918466,116.344920
$GNGGA,3955.03432,11620.32521,39.918571,116.344913
$GNGGA,3955.04082,11620.32473,39.918679,116.344905
$GNGGA,3955.04748,11620.32416,39.918790,116.344896
$GNGGA,3955.05416,11620.32362,39.918902,116.344887
$GNGGA,3955.06048,11620.32315,39.919007,116.344879
$GNGGA,3955.06645,11620.32268,39.919106,116.344871
$GNGGA,3955.07219,11620.32224,39.919202,116.344864
$GNGGA,3955.07774,11620.32178,39.919294,116.344856
$GNGGA,3955.08328,11620.32135,39.919387,116.344849
$GNGGA,3955.08893,11620.32105,39.919481,116.344844
$GNGGA,3955.09469,11620.32073,39.919577,116.344838
$GNGGA,3955.10067,11620.32033,39.919677,116.344832
$GNGGA,3955.10684,11620.31986,39.919779,116.344824
$GNGGA,3955.11303,11620.31945,39.919883,116.344817
$GNGGA,3955.11907,11620.31913,39.919983,116.344812
$GNGGA,3955.12489,11620.31880,39.920080,116.344806
$GNGGA,3955.13063,11620.31838,39.920176,116.344799
$GNGGA,3955.13660,11620.31781,39.920275,116.344790
$GNGGA,3955.14229,11620.31736,39.920370,116.344782
$GNGGA,3955.14825,11620.31689,39.920470,116.344774
$GNGGA,3955.15442,11620.31647,39.920572,116.344767
$GNGGA,3955.16073,11620.31597,39.920678,116.344759
$GNGGA,3955.16726,11620.31554,39.920786,116.344752
$GNGGA,3955.17394,11620.31516,39.920898,116.344746
$GNGGA,3955.18085,11620.31483,39.921013,116.344740
$GNGGA,3955.18798,11620.31448,39.921132,116.344734
$GNGGA,3955.19536,11620.31413,39.921255,116.344728
$GNGGA,3955.20303,11620.31377,39.921382,116.344722
$GNGGA,3955.21102,11620.31340,39.921516,116.344716
$GNGGA,3955.21933,11620.31314,39.921654,116.344712
$GNGGA,3955.22784,11620.31308,39.921796,116.344711
$GNGGA,3955.23648,11620.31306,39.921940,116.344711
$GNGGA,3955.24508,11620.31286,39.922083,116.344707
$GNGGA,3955.25343,11620.31236,39.922222,116.344699
$GNGGA,3955.26147,11620.31195,39.922356,116.344692
$GNGGA,3955.26907,11620.31191,39.922483,116.344691
$GNGGA,3955.27647,11620.31244,39.922607,116.344700
$GNGGA,3955.28401,11620.31284,39.922732,116.344707
$GNGGA,3955.29175,11620.31257,39.922861,116.344703
$GNGGA,3955.29962,11620.31201,39.922992,116.344693
$GNGGA,3955.30766,11620.31109,39.923126,116.344678
$GNGGA,3955.31584,11620.30973,39.923263,116.344655
$GNGGA,3955.32362,11620.30823,39.923392,116.344630
$GNGGA,3955.33020,11620.30695,39.923502,116.344609
$GNGGA,3955.33633,11620.30605,39.923604,116.344594
$GNGGA,3955.34276,11620.30529,39.923711,116.344581
$GNGGA,3955.34949,11620.30444,39.923823,116.344567
$GNGGA,3955.35649,11620.30355,39.923940,116.344552
$GNGGA,3955.36376,11620.30269,39.924061,116.344538
$GNGGA,3955.37131,11620.30193,39.924187,116.344525
$GNGGA,3955.37914,11620.30116,39.924317,116.344512
$GNGGA,3955.38721,11620.30022,39.924452,116.344496
$GNGGA,3955.39544,11620.29914,39.924589,116.344478
$GNGGA,3955.40387,11620.29800,39.924729,116.344459
$GNGGA,3955.41228,11620.29673,39.924870,116.344438
$GNGGA,3955.42065,11620.29508,39.925009,116.344411
$GNGGA,3955.42925,11620.29339,39.925152,116.344382
$GNGGA,3955.43805,11620.29193,39.925299,116.344358
$GNGGA,3955.44715,11620.29080,39.925451,116.344339
$GNGGA,3955.45652,11620.28988,39.925607,116.344324
$GNGGA,3955.46610,11620.28898,39.925766,116.344309
$GNGGA,3955.47587,11620.28797,39.925929,116.344292
$GNGGA,3955.48566,11620.28681,39.926092,116.344273
$GNGGA,3955.49512,11620.28569,39.926250,116.344254
$GNGGA,3955.50418,11620.28479,39.926401,116.344239
$GNGGA,3955.51307,11620.28415,39.926549,116.344228
$GNGGA,3955.52209,11620.28363,39.926699,116.344220
$GNGGA,3955.53101,11620.28299,39.926848,116.344209
$GNGGA,3955.53953,11620.28197,39.926990,116.344192
$GNGGA,3955.54761,11620.28058,39.927125,116.344169
$GNGGA,3955.55552,11620.27919,39.927256,116.344145
$GNGGA,3955.56363,11620.27788,39.927392,116.344124
$GNGGA,3955.57204,11620.27667,39.927532,116.344103
$GNGGA,3955.58070,11620.27565,39.927676,116.344086
$GNGGA,3955.58923,11620.27474,39.927818,116.344071
$GNGGA,3955.59735,11620.27383,39.927954,116.344056
$GNGGA,3955.60459,11620.27286,39.928074,116.344040
$GNGGA,3955.61073,11620.27190,39.928176,116.344024
$GNGGA,3955.61603,11620.27102,39.928265,116.344009
$GNGGA,3955.62073,11620.27037,39.928343,116.343998
$GNGGA,3955.62527,11620.27001,39.928419,116.343992
$GNGGA,3955.62981,11620.26996,39.928494,116.343991
$GNGGA,3955.63458,11620.27010,39.928574,116.343994
$GNGGA,3955.63966,11620.27015,39.928659,116.343995
$GNGGA,3955.64504,11620.26987,39.928748,116.343990
$GNGGA,3955.65073,11620.26959,39.928843,116.343985
$GNGGA,3955.65674,11620.26956,39.928943,116.343985
$GNGGA,3955.66306,11620.26965,39.929049,116.343986
$GNGGA,3955.66968,11620.26971,39.929159,116.343987
$GNGGA,3955.67659,11620.26975,39.929274,116.343988
$GNGGA,3955.68371,11620.26976,39.929393,116.343988
$GNGGA,3955.69100,11620.26978,39.929514,116.343989
$GNGGA,3955.69815,11620.26995,39.929633,116.343991
$GNGGA,3955.70524,11620.27025,39.929752,116.343996
$GNGGA,3955.71237,11620.27085,39.929871,116.344006
$GNGGA,3955.71957,11620.27153,39.929991,116.344018
$GNGGA,3955.72678,11620.27198,39.930111,116.344025
$GNGGA,3955.73379,11620.27225,39.930228,116.344030
$GNGGA,3955.74046,11620.27249,39.930339,116.344034
$GNGGA,3955.74668,11620.27276,39.930442,116.344038
$GNGGA,3955.75242,11620.27292,39.930538,116.344041
$GNGGA,3955.75770,11620.27305,39.930626,116.344043
$GNGGA,3955.76253,11620.27313,39.930707,116.344045
$GNGGA,3955.76695,11620.27315,39.930780,116.344045
$GNGGA,3955.77101,11620.27314,39.930848,116.344045
$GNGGA,3955.77429,11620.27313,39.930903,116.344045
$GNGGA,3955.77715,11620.27313,39.930950,116.344045
$GNGGA,3955.77989,11620.27310,39.930996,116.344044
$GNGGA,3955.78260,11620.27316,39.931041,116.344045
$GNGGA,3955.78501,11620.27326,39.931081,116.344047
$GNGGA,3955.78694,11620.27332,39.931113,116.344048
$GNGGA,3955.78834,11620.27340,39.931137,116.344049
$GNGGA,3955.78957,11620.27346,39.931157,116.344050
$GNGGA,3955.79074,11620.27352,39.931177,116.344051
$GNGGA,3955.79175,11620.27358,39.931194,116.344052
$GNGGA,3955.79236,11620.27362,39.931204,116.344053
$GNGGA,3955.79277,11620.27363,39.931211,116.344053
$GNGGA,3955.79308,11620.27364,39.931216,116.344053
$GNGGA,3955.79335,11620.27365,39.931220,116.344053
$GNGGA,3955.79337,11620.27367,39.931221,116.344054
$GNGGA,3955.79338,11620.27370,39.931221,116.344054
$GNGGA,3955.79338,11620.27374,39.931221,116.344055
$GNGGA,3955.79339,11620.27377,39.931221,116.344055
$GNGGA,3955.79340,11620.27380,39.931221,116.344056
$GNGGA,3955.79341,11620.27380,39.931221,116.344056
$GNGGA,3955.79342,11620.27381,39.931221,116.344056
$GNGGA,3955.79343,11620.27381,39.931222,116.344056
$GNGGA,3955.79345,11620.27382,39.931222,116.344056
$GNGGA,3955.79346,11620.27384,39.931222,116.344057
$GNGGA,3955.79399,11620.27383,39.931231,116.344056
$GNGGA,3955.79495,11620.27382,39.931247,116.344056
$GNGGA,3955.79633,11620.27384,39.931270,116.344057
$GNGGA,3955.79799,11620.27387,39.931298,116.344057
$GNGGA,3955.80004,11620.27387,39.931332,116.344057
$GNGGA,3955.80244,11620.27388,39.931372,116.344057
$GNGGA,3955.80475,11620.27392,39.931410,116.344058
$GNGGA,3955.80721,11620.27397,39.931451,116.344059
$GNGGA,3955.80995,11620.27406,39.931497,116.344060
$GNGGA,3955.81311,11620.27416,39.931550,116.344062
$GNGGA,3955.81658,11620.27430,39.931608,116.344064
$GNGGA,3955.82044,11620.27444,39.931672,116.344067
$GNGGA,3955.82459,11620.27458,39.931741,116.344069
$GNGGA,3955.82904,11620.27471,39.931815,116.344071
$GNGGA,3955.83353,11620.27482,39.931890,116.344073
$GNGGA,3955.83785,11620.27490,39.931962,116.344074
$GNGGA,3955.84206,11620.27500,39.932032,116.344076
$GNGGA,3955.84635,11620.27513,39.932104,116.344078
$GNGGA,3955.85075,11620.27534,39.932177,116.344082
$GNGGA,3955.85531,11620.27564,39.932253,116.344087
$GNGGA,3955.86003,11620.27601,39.932332,116.344093
$GNGGA,3955.86470,11620.27643,39.932410,116.344100
$GNGGA,3955.86934,11620.27685,39.932487,116.344107
$GNGGA,3955.87416,11620.27724,39.932567,116.344114
$GNGGA,3955.87923,11620.27756,39.932652,116.344119
$GNGGA,3955.88438,11620.27775,39.932738,116.344122
$GNGGA,3955.88986,11620.27787,39.932829,116.344124
$GNGGA,3955.89555,11620.27803,39.932924,116.344127
$GNGGA,3955.90152,11620.27822,39.933023,116.344130
