$GNGGA,3955.91398,11620.25944,39.933230,116.343816
$GNGGA,3955.91397,11620.25944,39.933230,116.343816
$GNGGA,3955.91397,11620.25944,39.933230,116.343816
$GNGGA,3955.91397,11620.25944,39.933230,116.343816
$GNGGA,3955.91396,11620.25945,39.933230,116.343816
$GNGGA,3955.91396,11620.25945,39.933230,116.343816
$GNGGA,3955.91395,11620.25946,39.933230,116.343817
$GNGGA,3955.91362,11620.25947,39.933224,116.343817
$GNGGA,3955.91284,11620.25944,39.933211,116.343816
$GNGGA,3955.91141,11620.25941,39.933188,116.343816
$GNGGA,3955.90959,11620.25938,39.933157,116.343815
$GNGGA,3955.90786,11620.25939,39.933128,116.343815
$GNGGA,3955.90615,11620.25940,39.933100,116.343816
$GNGGA,3955.90422,11620.25940,39.933068,116.343816
$GNGGA,3955.90196,11620.25934,39.933030,116.343815
$GNGGA,3955.89952,11620.25928,39.932989,116.343814
$GNGGA,3955.89668,11620.25922,39.932942,116.343813
$GNGGA,3955.89337,11620.25913,39.932887,116.343811
$GNGGA,3955.88971,11620.25906,39.932826,116.343810
$GNGGA,3955.88590,11620.25910,39.932762,116.343811
$GNGGA,3955.88208,11620.25930,39.932699,116.343814
$GNGGA,3955.87839,11620.25981,39.932637,116.343822
$GNGGA,3955.87553,11620.26044,39.932590,116.343833
$GNGGA,3955.87373,11620.26096,39.932560,116.343842
$GNGGA,3955.87213,11620.26142,39.932533,116.343849
$GNGGA,3955.87040,11620.26193,39.932504,116.343858
$GNGGA,3955.86835,11620.26268,39.932470,116.343870
$GNGGA,3955.86595,11620.26374,39.932430,116.343888
$GNGGA,3955.86353,11620.26479,39.932390,116.343906
$GNGGA,3955.86176,11620.26545,39.932360,116.343917
$GNGGA,3955.86042,11620.26587,39.932338,116.343924
$GNGGA,3955.85919,11620.26621,39.932317,116.343929
$GNGGA,3955.85791,11620.26649,39.932296,116.343934
$GNGGA,3955.85647,11620.26672,39.932272,116.343938
$GNGGA,3955.85493,11620.26690,39.932246,116.343941
$GNGGA,3955.85339,11620.26704,39.932221,116.343943
$GNGGA,3955.85196,11620.26712,39.932197,116.343944
$GNGGA,3955.85079,11620.26718,39.932177,116.343945
$GNGGA,3955.84963,11620.26724,39.932158,116.343946
$GNGGA,3955.84811,11620.26736,39.932133,116.343948
$GNGGA,3955.84603,11620.26749,39.932098,116.343951
$GNGGA,3955.84360,11620.26755,39.932058,116.343952
$GNGGA,3955.84118,11620.26751,39.932017,116.343951
$GNGGA,3955.83845,11620.26744,39.931972,116.343950
$GNGGA,3955.83503,11620.26740,39.931915,116.343949
$GNGGA,3955.83106,11620.26739,39.931849,116.343949
$GNGGA,3955.82703,11620.26736,39.931781,116.343948
$GNGGA,3955.82308,11620.26734,39.931716,116.343948
$GNGGA,3955.81915,11620.26730,39.931650,116.343947
$GNGGA,3955.81493,11620.26725,39.931580,116.343947
$GNGGA,3955.81038,11620.26721,39.931504,116.343946
$GNGGA,3955.80593,11620.26719,39.931430,116.343946
$GNGGA,3955.80183,11620.26722,39.931361,116.343946
$GNGGA,3955.79809,11620.26719,39.931299,116.343946
$GNGGA,3955.79444,11620.26716,39.931238,116.343945
$GNGGA,3955.79090,11620.26710,39.931179,116.343944
$GNGGA,3955.78750,11620.26708,39.931123,116.343944
$GNGGA,3955.78438,11620.26704,39.931071,116.343943
$GNGGA,3955.78152,11620.26701,39.931023,116.343942
$GNGGA,3955.77880,11620.26699,39.930978,116.343942
$GNGGA,3955.77623,11620.26699,39.930935,116.343942
$GNGGA,3955.77380,11620.26693,39.930894,116.343941
$GNGGA,3955.77208,11620.26694,39.930866,116.343941
$GNGGA,3955.77110,11620.26694,39.930849,116.343941
$GNGGA,3955.77040,11620.26688,39.930838,116.343940
$GNGGA,3955.76990,11620.26689,39.930829,116.343940
$GNGGA,3955.76991,11620.26690,39.930829,116.343941
$GNGGA,3955.76991,11620.26691,39.930829,116.343941
$GNGGA,3955.76992,11620.26694,39.930830,116.343941
$GNGGA,3955.76993,11620.26695,39.930830,116.343941
$GNGGA,3955.76995,11620.26697,39.930830,116.343942
$GNGGA,3955.76996,11620.26698,39.930830,116.343942
$GNGGA,3955.76997,11620.26700,39.930830,116.343942
$GNGGA,3955.76998,11620.26702,39.930831,116.343943
$GNGGA,3955.76961,11620.26702,39.930824,116.343943
$GNGGA,3955.76884,11620.26709,39.930812,116.343944
$GNGGA,3955.76763,11620.26715,39.930791,116.343945
$GNGGA,3955.76608,11620.26720,39.930766,116.343946
$GNGGA,3955.76409,11620.26713,39.930732,116.343944
$GNGGA,3955.76163,11620.26707,39.930691,116.343943
$GNGGA,3955.75910,11620.26702,39.930649,116.343943
$GNGGA,3955.75608,11620.26694,39.930599,116.343941
$GNGGA,3955.75217,11620.26686,39.930534,116.343940
$GNGGA,3955.74751,11620.26690,39.930456,116.343941
$GNGGA,3955.74246,11620.26682,39.930372,116.343939
$GNGGA,3955.73745,11620.26666,39.930288,116.343937
$GNGGA,3955.73232,11620.26659,39.930203,116.343935
$GNGGA,3955.72717,11620.26638,39.930117,116.343932
$GNGGA,3955.72272,11620.26623,39.930043,116.343929
$GNGGA,3955.71886,11620.26616,39.929979,116.343928
$GNGGA,3955.71518,11620.26617,39.929917,116.343928
$GNGGA,3955.71164,11620.26620,39.929858,116.343929
$GNGGA,3955.70808,11620.26626,39.929799,116.343930
$GNGGA,3955.70443,11620.26631,39.929738,116.343931
$GNGGA,3955.70106,11620.26629,39.929682,116.343930
$GNGGA,3955.69791,11620.26625,39.929629,116.343930
$GNGGA,3955.69485,11620.26620,39.929578,116.343929
$GNGGA,3955.69206,11620.26618,39.929532,116.343928
$GNGGA,3955.68981,11620.26618,39.929494,116.343928
$GNGGA,3955.68814,11620.26621,39.929467,116.343929
$GNGGA,3955.68656,11620.26625,39.929440,116.343930
$GNGGA,3955.68474,11620.26631,39.929410,116.343931
$GNGGA,3955.68252,11620.26635,39.929373,116.343931
$GNGGA,3955.67990,11620.26638,39.929329,116.343932
$GNGGA,3955.67690,11620.26643,39.929279,116.343933
$GNGGA,3955.67343,11620.26643,39.929221,116.343933
$GNGGA,3955.66973,11620.26640,39.929160,116.343932
$GNGGA,3955.66618,11620.26634,39.929100,116.343931
$GNGGA,3955.66329,11620.26626,39.929052,116.343930
$GNGGA,3955.66144,11620.26621,39.929021,116.343929
$GNGGA,3955.66027,11620.26624,39.929002,116.343929
$GNGGA,3955.65925,11620.26622,39.928985,116.343929
$GNGGA,3955.65849,11620.26618,39.928972,116.343928
$GNGGA,3955.65791,11620.26616,39.928963,116.343928
$GNGGA,3955.65738,11620.26610,39.928954,116.343927
$GNGGA,3955.65695,11620.26606,39.928947,116.343926
$GNGGA,3955.65661,11620.26605,39.928941,116.343926
$GNGGA,3955.65659,11620.26607,39.928941,116.343927
$GNGGA,3955.65655,11620.26609,39.928940,116.343927
$GNGGA,3955.65653,11620.26611,39.928940,116.343927
$GNGGA,3955.65651,11620.26613,39.928939,116.343928
$GNGGA,3955.65648,11620.26613,39.928939,116.343928
$GNGGA,3955.65645,11620.26611,39.928938,116.343927
$GNGGA,3955.65643,11620.26608,39.928938,116.343927
$GNGGA,3955.65640,11620.26603,39.928937,116.343926
$GNGGA,3955.65638,11620.26598,39.928937,116.343925
$GNGGA,3955.65635,11620.26594,39.928937,116.343924
$GNGGA,3955.65634,11620.26589,39.928936,116.343924
$GNGGA,3955.65632,11620.26585,39.928936,116.343923
$GNGGA,3955.65631,11620.26581,39.928936,116.343922
$GNGGA,3955.65629,11620.26577,39.928936,116.343922
$GNGGA,3955.65626,11620.26574,39.928935,116.343921
$GNGGA,3955.65622,11620.26571,39.928934,116.343921
$GNGGA,3955.65619,11620.26569,39.928934,116.343920
$GNGGA,3955.65615,11620.26566,39.928933,116.343920
$GNGGA,3955.65612,11620.26564,39.928933,116.343919
$GNGGA,3955.65609,11620.26561,39.928932,116.343919
$GNGGA,3955.65606,11620.26558,39.928932,116.343918
$GNGGA,3955.65605,11620.26557,39.928932,116.343918
$GNGGA,3955.65604,11620.26556,39.928931,116.343918
$GNGGA,3955.65603,11620.26555,39.928931,116.343918
$GNGGA,3955.65603,11620.26553,39.928931,116.343918
$GNGGA,3955.65602,11620.26551,39.928931,116.343917
$GNGGA,3955.65602,11620.26550,39.928931,116.343917
$GNGGA,3955.65539,11620.26550,39.928921,116.343917
$GNGGA,3955.65412,11620.26544,39.928899,116.343916
$GNGGA,3955.65222,11620.26540,39.928868,116.343915
$GNGGA,3955.64972,11620.26535,39.928826,116.343914
$GNGGA,3955.64655,11620.26530,39.928773,116.343914
$GNGGA,3955.64287,11620.26525,39.928712,116.343913
$GNGGA,3955.63905,11620.26523,39.928648,116.343912
$GNGGA,3955.63543,11620.26520,39.928588,116.343912
$GNGGA,3955.63205,11620.26514,39.928532,116.343911
$GNGGA,3955.62870,11620.26508,39.928476,116.343910
$GNGGA,3955.62497,11620.26501,39.928414,116.343909
$GNGGA,3955.62079,11620.26490,39.928344,116.343907
$GNGGA,3955.61619,11620.26483,39.928267,116.343906
$GNGGA,3955.61111,11620.26486,39.928183,116.343906
$GNGGA,3955.60557,11620.26507,39.928090,116.343910
$GNGGA,3955.59956,11620.26544,39.927990,116.343916
$GNGGA,3955.59311,11620.26574,39.927883,116.343921
$GNGGA,3955.58623,11620.26597,39.927768,116.343925
$GNGGA,3955.57900,11620.26627,39.927647,116.343930
$GNGGA,3955.57159,11620.26671,39.927524,116.343937
$GNGGA,3955.56427,11620.26725,39.927402,116.343946
$GNGGA,3955.55705,11620.26779,39.927282,116.343955
$GNGGA,3955.54974,11620.26839,39.927160,116.343965
$GNGGA,3955.54227,11620.26895,39.927035,116.343974
$GNGGA,3955.53473,11620.26920,39.926910,116.343979
$GNGGA,3955.52723,11620.26945,39.926785,116.343983
$GNGGA,3955.52010,11620.27002,39.926666,116.343992
$GNGGA,3955.51368,11620.27079,39.926559,116.344005
$GNGGA,3955.50805,11620.27142,39.926465,116.344016
$GNGGA,3955.50335,11620.27188,39.926387,116.344023
$GNGGA,3955.49927,11620.27223,39.926319,116.344029
$GNGGA,3955.49584,11620.27257,39.926262,116.344035
$GNGGA,3955.49326,11620.27284,39.926219,116.344039
$GNGGA,3955.49134,11620.27307,39.926187,116.344043
$GNGGA,3955.48975,11620.27326,39.926160,116.344046
$GNGGA,3955.48846,11620.27339,39.926139,116.344048
$GNGGA,3955.48777,11620.27343,39.926127,116.344049
$GNGGA,3955.48776,11620.27344,39.926127,116.344049
$GNGGA,3955.48776,11620.27348,39.926127,116.344050
$GNGGA,3955.48775,11620.27350,39.926127,116.344050
$GNGGA,3955.48774,11620.27353,39.926127,116.344051
$GNGGA,3955.48774,11620.27355,39.926127,116.344051
$GNGGA,3955.48773,11620.27356,39.926126,116.344051
$GNGGA,3955.48772,11620.27358,39.926126,116.344052
$GNGGA,3955.48773,11620.27359,39.926126,116.344052
$GNGGA,3955.48775,11620.27362,39.926127,116.344052
$GNGGA,3955.48776,11620.27363,39.926127,116.344052
$GNGGA,3955.48776,11620.27363,39.926127,116.344052
$GNGGA,3955.48775,11620.27362,39.926127,116.344052
$GNGGA,3955.48775,11620.27362,39.926127,116.344052
$GNGGA,3955.48774,11620.27362,39.926127,116.344052
$GNGGA,3955.48773,11620.27363,39.926126,116.344052
$GNGGA,3955.48721,11620.27366,39.926118,116.344053
$GNGGA,3955.48620,11620.27379,39.926101,116.344055
$GNGGA,3955.48477,11620.27397,39.926077,116.344058
$GNGGA,3955.48335,11620.27412,39.926053,116.344061
$GNGGA,3955.48199,11620.27433,39.926031,116.344064
$GNGGA,3955.48092,11620.27445,39.926013,116.344066
$GNGGA,3955.48043,11620.27449,39.926005,116.344067
$GNGGA,3955.48043,11620.27449,39.926005,116.344067
$GNGGA,3955.48044,11620.27447,39.926005,116.344066
$GNGGA,3955.48043,11620.27444,39.926005,116.344066
$GNGGA,3955.48043,11620.27441,39.926005,116.344065
$GNGGA,3955.48044,11620.27442,39.926005,116.344066
$GNGGA,3955.48046,11620.27443,39.926005,116.344066
$GNGGA,3955.48047,11620.27448,39.926005,116.344067
$GNGGA,3955.48012,11620.27453,39.926000,116.344067
$GNGGA,3955.47955,11620.27461,39.925990,116.344069
$GNGGA,3955.47863,11620.27474,39.925975,116.344071
$GNGGA,3955.47724,11620.27497,39.925952,116.344075
$GNGGA,3955.47577,11620.27517,39.925927,116.344078
$GNGGA,3955.47434,11620.27536,39.925903,116.344081
$GNGGA,3955.47283,11620.27552,39.925878,116.344084
$GNGGA,3955.47095,11620.27572,39.925847,116.344087
$GNGGA,3955.46871,11620.27598,39.925809,116.344092
$GNGGA,3955.46641,11620.27626,39.925771,116.344096
$GNGGA,3955.46419,11620.27651,39.925734,116.344101
$GNGGA,3955.46207,11620.27673,39.925699,116.344104
$GNGGA,3955.46003,11620.27698,39.925665,116.344108
$GNGGA,3955.45828,11620.27717,39.925636,116.344112
$GNGGA,3955.45691,11620.27731,39.925613,116.344114
$GNGGA,3955.45574,11620.27742,39.925593,116.344116
$GNGGA,3955.45462,11620.27753,39.925575,116.344118
$GNGGA,3955.45351,11620.27761,39.925556,116.344119
$GNGGA,3955.45226,11620.27769,39.925535,116.344120
$GNGGA,3955.45089,11620.27780,39.925513,116.344122
$GNGGA,3955.44959,11620.27795,39.925491,116.344125
$GNGGA,3955.44850,11620.27806,39.925473,116.344126
$GNGGA,3955.44764,11620.27817,39.925458,116.344128
$GNGGA,3955.44705,11620.27819,39.925449,116.344129
$GNGGA,3955.44704,11620.27818,39.925448,116.344128
$GNGGA,3955.44703,11620.27818,39.925448,116.344128
$GNGGA,3955.44703,11620.27815,39.925448,116.344128
$GNGGA,3955.44704,11620.27810,39.925448,116.344127
$GNGGA,3955.44703,11620.27806,39.925448,116.344126
$GNGGA,3955.44702,11620.27802,39.925448,116.344126
$GNGGA,3955.44701,11620.27798,39.925448,116.344125
$GNGGA,3955.44700,11620.27794,39.925448,116.344124
$GNGGA,3955.44699,11620.27790,39.925448,116.344124
$GNGGA,3955.44697,11620.27786,39.925447,116.344123
$GNGGA,3955.44696,11620.27782,39.925447,116.344122
$GNGGA,3955.44695,11620.27779,39.925447,116.344122
$GNGGA,3955.44694,11620.27777,39.925447,116.344122
$GNGGA,3955.44693,11620.27775,39.925447,116.344121
$GNGGA,3955.44692,11620.27773,39.925446,116.344121
$GNGGA,3955.44691,11620.27772,39.925446,116.344121
$GNGGA,3955.44690,11620.27773,39.925446,116.344121
$GNGGA,3955.44690,11620.27774,39.925446,116.344121
$GNGGA,3955.44690,11620.27773,39.925446,116.344121
$GNGGA,3955.44689,11620.27773,39.925446,116.344121
$GNGGA,3955.44689,11620.27773,39.925446,116.344121
$GNGGA,3955.44689,11620.27773,39.925446,116.344121
$GNGGA,3955.44688,11620.27772,39.925446,116.344121
$GNGGA,3955.44687,11620.27771,39.925446,116.344121
$GNGGA,3955.44686,11620.27771,39.925445,116.344121
$GNGGA,3955.44685,11620.27770,39.925445,116.344120
$GNGGA,3955.44685,11620.27769,39.925445,116.344120
$GNGGA,3955.44685,11620.27767,39.925445,116.344120
$GNGGA,3955.44685,11620.27765,39.925445,116.344120
$GNGGA,3955.44686,11620.27763,39.925445,116.344119
$GNGGA,3955.44686,11620.27762,39.925445,116.344119
$GNGGA,3955.44685,11620.27760,39.925445,116.344119
$GNGGA,3955.44685,11620.27760,39.925445,116.344119
$GNGGA,3955.44685,11620.27759,39.925445,116.344119
$GNGGA,3955.44685,11620.27759,39.925445,116.344119
$GNGGA,3955.44685,11620.27758,39.925445,116.344118
$GNGGA,3955.44685,11620.27757,39.925445,116.344118
$GNGGA,3955.44685,11620.27757,39.925445,116.344118
$GNGGA,3955.44686,11620.27756,39.925445,116.344118
$GNGGA,3955.44686,11620.27755,39.925445,116.344118
$GNGGA,3955.44687,11620.27753,39.925446,116.344118
$GNGGA,3955.44687,11620.27752,39.925446,116.344117
$GNGGA,3955.44688,11620.27752,39.925446,116.344117
$GNGGA,3955.44688,11620.27751,39.925446,116.344117
$GNGGA,3955.44689,11620.27752,39.925446,116.344117
$GNGGA,3955.44657,11620.27759,39.925441,116.344119
$GNGGA,3955.44602,11620.27764,39.925431,116.344119
$GNGGA,3955.44531,11620.27770,39.925420,116.344120
$GNGGA,3955.44456,11620.27781,39.925407,116.344122
$GNGGA,3955.44362,11620.27797,39.925391,116.344125
$GNGGA,3955.44259,11620.27813,39.925374,116.344128
$GNGGA,3955.44163,11620.27831,39.925358,116.344131
$GNGGA,3955.44102,11620.27837,39.925348,116.344132
$GNGGA,3955.44103,11620.27839,39.925348,116.344132
$GNGGA,3955.44103,11620.27841,39.925348,116.344132
$GNGGA,3955.44102,11620.27845,39.925348,116.344133
$GNGGA,3955.44101,11620.27848,39.925348,116.344133
$GNGGA,3955.44099,11620.27849,39.925348,116.344134
$GNGGA,3955.44096,11620.27850,39.925347,116.344134
$GNGGA,3955.44093,11620.27852,39.925347,116.344134
$GNGGA,3955.44089,11620.27854,39.925346,116.344134
$GNGGA,3955.44086,11620.27856,39.925345,116.344135
$GNGGA,3955.44083,11620.27859,39.925345,116.344135
$GNGGA,3955.44081,11620.27861,39.925345,116.344136
$GNGGA,3955.44079,11620.27864,39.925344,116.344136
$GNGGA,3955.44079,11620.27866,39.925344,116.344136
$GNGGA,3955.44077,11620.27868,39.925344,116.344137
$GNGGA,3955.44077,11620.27870,39.925344,116.344137
$GNGGA,3955.44077,11620.27871,39.925344,116.344137
$GNGGA,3955.44077,11620.27872,39.925344,116.344137
$GNGGA,3955.44078,11620.27874,39.925344,116.344138
$GNGGA,3955.44078,11620.27876,39.925344,116.344138
$GNGGA,3955.44079,11620.27877,39.925344,116.344138
$GNGGA,3955.44079,11620.27879,39.925344,116.344139
$GNGGA,3955.44079,11620.27881,39.925344,116.344139
$GNGGA,3955.44079,11620.27883,39.925344,116.344139
$GNGGA,3955.44079,11620.27884,39.925344,116.344139
$GNGGA,3955.44079,11620.27886,39.925344,116.344140
$GNGGA,3955.44079,11620.27887,39.925344,116.344140
$GNGGA,3955.44079,11620.27889,39.925344,116.344140
$GNGGA,3955.44080,11620.27890,39.925344,116.344140
$GNGGA,3955.44081,11620.27891,39.925345,116.344141
$GNGGA,3955.44082,11620.27892,39.925345,116.344141
$GNGGA,3955.44083,11620.27894,39.925345,116.344141
$GNGGA,3955.44084,11620.27895,39.925345,116.344141
$GNGGA,3955.44084,11620.27895,39.925345,116.344141
$GNGGA,3955.44083,11620.27895,39.925345,116.344141
$GNGGA,3955.44082,11620.27895,39.925345,116.344141
$GNGGA,3955.44081,11620.27894,39.925345,116.344141
$GNGGA,3955.44080,11620.27894,39.925344,116.344141
$GNGGA,3955.44009,11620.27909,39.925333,116.344144
$GNGGA,3955.43876,11620.27932,39.925310,116.344147
$GNGGA,3955.43678,11620.27963,39.925277,116.344153
$GNGGA,3955.43442,11620.27999,39.925238,116.344159
$GNGGA,3955.43216,11620.28031,39.925200,116.344164
$GNGGA,3955.43009,11620.28058,39.925166,116.344168
$GNGGA,3955.42804,11620.28086,39.925132,116.344173
$GNGGA,3955.42572,11620.28118,39.925093,116.344178
$GNGGA,3955.42310,11620.28145,39.925049,116.344183
$GNGGA,3955.42023,11620.28174,39.925002,116.344188
$GNGGA,3955.41737,11620.28205,39.924954,116.344193
$GNGGA,3955.41460,11620.28231,39.924908,116.344197
$GNGGA,3955.41167,11620.28258,39.924859,116.344202
$GNGGA,3955.40847,11620.28288,39.924806,116.344207
$GNGGA,3955.40524,11620.28323,39.924752,116.344213
$GNGGA,3955.40198,11620.28359,39.924698,116.344219
$GNGGA,3955.39834,11620.28399,39.924637,116.344225
$GNGGA,3955.39468,11620.28441,39.924576,116.344232
$GNGGA,3955.39160,11620.28475,39.924525,116.344238
$GNGGA,3955.38905,11620.28505,39.924482,116.344243
$GNGGA,3955.38682,11620.28520,39.924445,116.344246
$GNGGA,3955.38460,11620.28522,39.924408,116.344246
$GNGGA,3955.38221,11620.28515,39.924368,116.344245
$GNGGA,3955.37964,11620.28504,39.924325,116.344243
$GNGGA,3955.37714,11620.28495,39.924284,116.344241
$GNGGA,3955.37489,11620.28495,39.924246,116.344241
$GNGGA,3955.37315,11620.28501,39.924217,116.344242
$GNGGA,3955.37203,11620.28509,39.924198,116.344244
$GNGGA,3955.37199,11620.28510,39.924198,116.344244
$GNGGA,3955.37195,11620.28510,39.924197,116.344244
$GNGGA,3955.37191,11620.28511,39.924196,116.344244
$GNGGA,3955.37187,11620.28514,39.924196,116.344244
$GNGGA,3955.37183,11620.28517,39.924195,116.344245
$GNGGA,3955.37179,11620.28518,39.924194,116.344245
$GNGGA,3955.37176,11620.28517,39.924194,116.344245
$GNGGA,3955.37175,11620.28516,39.924194,116.344245
$GNGGA,3955.37173,11620.28514,39.924193,116.344244
$GNGGA,3955.37172,11620.28514,39.924193,116.344244
$GNGGA,3955.37169,11620.28515,39.924193,116.344245
$GNGGA,3955.37168,11620.28513,39.924193,116.344244
$GNGGA,3955.37166,11620.28512,39.924192,116.344244
$GNGGA,3955.37166,11620.28511,39.924192,116.344244
$GNGGA,3955.37165,11620.28511,39.924192,116.344244
$GNGGA,3955.37164,11620.28512,39.924192,116.344244
$GNGGA,3955.37164,11620.28513,39.924192,116.344244
$GNGGA,3955.37163,11620.28514,39.924192,116.344244
$GNGGA,3955.37163,11620.28514,39.924192,116.344244
$GNGGA,3955.37163,11620.28512,39.924192,116.344244
$GNGGA,3955.37164,11620.28511,39.924192,116.344244
$GNGGA,3955.37165,11620.28511,39.924192,116.344244
$GNGGA,3955.37166,11620.28511,39.924192,116.344244
$GNGGA,3955.37167,11620.28512,39.924192,116.344244
$GNGGA,3955.37167,11620.28513,39.924192,116.344244
$GNGGA,3955.37167,11620.28514,39.924192,116.344244
$GNGGA,3955.37166,11620.28515,39.924192,116.344245
$GNGGA,3955.37166,11620.28516,39.924192,116.344245
$GNGGA,3955.37166,11620.28517,39.924192,116.344245
$GNGGA,3955.37166,11620.28520,39.924192,116.344245
$GNGGA,3955.37165,11620.28522,39.924192,116.344246
$GNGGA,3955.37165,11620.28525,39.924192,116.344246
$GNGGA,3955.37164,11620.28526,39.924192,116.344246
$GNGGA,3955.37163,11620.28528,39.924192,116.344247
$GNGGA,3955.37161,11620.28528,39.924191,116.344247
$GNGGA,3955.37158,11620.28529,39.924191,116.344247
$GNGGA,3955.37155,11620.28528,39.924190,116.344247
$GNGGA,3955.37153,11620.28528,39.924190,116.344247
$GNGGA,3955.37151,11620.28530,39.924190,116.344247
$GNGGA,3955.37150,11620.28531,39.924190,116.344247
$GNGGA,3955.37151,11620.28535,39.924190,116.344248
$GNGGA,3955.37152,11620.28538,39.924190,116.344248
$GNGGA,3955.37153,11620.28540,39.924190,116.344249
$GNGGA,3955.37154,11620.28541,39.924190,116.344249
$GNGGA,3955.37156,11620.28543,39.924191,116.344249
$GNGGA,3955.37158,11620.28544,39.924191,116.344249
$GNGGA,3955.37159,11620.28543,39.924191,116.344249
$GNGGA,3955.37161,11620.28543,39.924191,116.344249
$GNGGA,3955.37162,11620.28544,39.924192,116.344249
$GNGGA,3955.37163,11620.28544,39.924192,116.344249
$GNGGA,3955.37164,11620.28545,39.924192,116.344250
$GNGGA,3955.37165,11620.28545,39.924192,116.344250
$GNGGA,3955.37166,11620.28545,39.924192,116.344250
$GNGGA,3955.37167,11620.28544,39.924192,116.344249
$GNGGA,3955.37168,11620.28543,39.924193,116.344249
$GNGGA,3955.37169,11620.28542,39.924193,116.344249
$GNGGA,3955.37170,11620.28541,39.924193,116.344249
$GNGGA,3955.37171,11620.28540,39.924193,116.344249
$GNGGA,3955.37173,11620.28539,39.924193,116.344249
$GNGGA,3955.37174,11620.28538,39.924194,116.344248
$GNGGA,3955.37175,11620.28539,39.924194,116.344249
$GNGGA,3955.37175,11620.28540,39.924194,116.344249
$GNGGA,3955.37176,11620.28540,39.924194,116.344249
$GNGGA,3955.37175,11620.28540,39.924194,116.344249
$GNGGA,3955.37175,11620.28540,39.924194,116.344249
$GNGGA,3955.37175,11620.28540,39.924194,116.344249
$GNGGA,3955.37175,11620.28540,39.924194,116.344249
$GNGGA,3955.37175,11620.28541,39.924194,116.344249
$GNGGA,3955.37176,11620.28542,39.924194,116.344249
$GNGGA,3955.37177,11620.28543,39.924194,116.344249
$GNGGA,3955.37177,11620.28545,39.924194,116.344250
$GNGGA,3955.37177,11620.28545,39.924194,116.344250
$GNGGA,3955.37177,11620.28545,39.924194,116.344250
$GNGGA,3955.37177,11620.28545,39.924194,116.344250
$GNGGA,3955.37177,11620.28546,39.924194,116.344250
$GNGGA,3955.37177,11620.28545,39.924194,116.344250
$GNGGA,3955.37177,11620.28544,39.924194,116.344249
$GNGGA,3955.37177,11620.28543,39.924194,116.344249
$GNGGA,3955.37177,11620.28541,39.924194,116.344249
$GNGGA,3955.37177,11620.28540,39.924194,116.344249
$GNGGA,3955.37131,11620.28542,39.924186,116.344249
$GNGGA,3955.37034,11620.28552,39.924170,116.344251
$GNGGA,3955.36863,11620.28562,39.924142,116.344252
$GNGGA,3955.36620,11620.28582,39.924101,116.344256
$GNGGA,3955.36310,11620.28619,39.924050,116.344262
$GNGGA,3955.35945,11620.28659,39.923989,116.344269
$GNGGA,3955.35566,11620.28698,39.923926,116.344275
$GNGGA,3955.35195,11620.28741,39.923864,116.344282
$GNGGA,3955.34838,11620.28787,39.923804,116.344290
$GNGGA,3955.34499,11620.28827,39.923748,116.344297
$GNGGA,3955.34163,11620.28873,39.923692,116.344304
$GNGGA,3955.33820,11620.28920,39.923635,116.344312
$GNGGA,3955.33470,11620.28970,39.923576,116.344321
$GNGGA,3955.33108,11620.29035,39.923516,116.344331
$GNGGA,3955.32740,11620.29124,39.923455,116.344346
$GNGGA,3955.32373,11620.29234,39.923394,116.344365
$GNGGA,3955.32004,11620.29337,39.923332,116.344382
$GNGGA,3955.31645,11620.29437,39.923272,116.344399
$GNGGA,3955.31344,11620.29519,39.923222,116.344412
$GNGGA,3955.31085,11620.29589,39.923179,116.344424
$GNGGA,3955.30823,11620.29657,39.923135,116.344435
$GNGGA,3955.30526,11620.29740,39.923086,116.344449
$GNGGA,3955.30180,11620.29835,39.923028,116.344465
$GNGGA,3955.29798,11620.29939,39.922965,116.344482
$GNGGA,3955.29389,11620.30045,39.922896,116.344500
$GNGGA,3955.28952,11620.30133,39.922824,116.344515
$GNGGA,3955.28481,11620.30195,39.922745,116.344525
$GNGGA,3955.27976,11620.30234,39.922661,116.344532
$GNGGA,3955.27454,11620.30264,39.922574,116.344537
$GNGGA,3955.26938,11620.30294,39.922488,116.344542
$GNGGA,3955.26422,11620.30322,39.922402,116.344546
$GNGGA,3955.25912,11620.30347,39.922317,116.344550
$GNGGA,3955.25417,11620.30372,39.922235,116.344555
$GNGGA,3955.24940,11620.30403,39.922155,116.344560
$GNGGA,3955.24462,11620.30441,39.922075,116.344566
$GNGGA,3955.23957,11620.30481,39.921991,116.344573
$GNGGA,3955.23418,11620.30518,39.921901,116.344579
$GNGGA,3955.22850,11620.30551,39.921807,116.344584
$GNGGA,3955.22251,11620.30584,39.921707,116.344590
$GNGGA,3955.21620,11620.30617,39.921602,116.344595
$GNGGA,3955.20966,11620.30656,39.921493,116.344602
$GNGGA,3955.20314,11620.30696,39.921384,116.344609
$GNGGA,3955.19678,11620.30733,39.921278,116.344615
$GNGGA,3955.19063,11620.30766,39.921176,116.344620
$GNGGA,3955.18517,11620.30794,39.921085,116.344625
$GNGGA,3955.18064,11620.30820,39.921009,116.344629
$GNGGA,3955.17645,11620.30850,39.920939,116.344634
$GNGGA,3955.17237,11620.30873,39.920871,116.344638
$GNGGA,3955.16835,11620.30910,39.920804,116.344644
$GNGGA,3955.16423,11620.30994,39.920736,116.344658
$GNGGA,3955.15997,11620.31083,39.920665,116.344673
$GNGGA,3955.15550,11620.31141,39.920590,116.344683
$GNGGA,3955.15100,11620.31173,39.920515,116.344688
$GNGGA,3955.14686,11620.31197,39.920446,116.344692
$GNGGA,3955.14318,11620.31215,39.920385,116.344695
$GNGGA,3955.13973,11620.31232,39.920327,116.344698
$GNGGA,3955.13663,11620.31247,39.920276,116.344701
$GNGGA,3955.13388,11620.31260,39.920230,116.344703
$GNGGA,3955.13127,11620.31271,39.920186,116.344705
$GNGGA,3955.12902,11620.31274,39.920149,116.344705
$GNGGA,3955.12722,11620.31264,39.920119,116.344703
$GNGGA,3955.12552,11620.31237,39.920091,116.344699
$GNGGA,3955.12368,11620.31213,39.920060,116.344695
$GNGGA,3955.12159,11620.31199,39.920025,116.344692
$GNGGA,3955.11931,11620.31184,39.919987,116.344690
$GNGGA,3955.11697,11620.31160,39.919948,116.344686
$GNGGA,3955.11449,11620.31120,39.919907,116.344679
$GNGGA,3955.11190,11620.31078,39.919864,116.344672
$GNGGA,3955.10957,11620.31056,39.919825,116.344669
$GNGGA,3955.10798,11620.31054,39.919798,116.344668
$GNGGA,3955.10718,11620.31057,39.919785,116.344669
$GNGGA,3955.10717,11620.31060,39.919785,116.344669
$GNGGA,3955.10716,11620.31060,39.919784,116.344669
$GNGGA,3955.10715,11620.31061,39.919784,116.344669
$GNGGA,3955.10716,11620.31061,39.919784,116.344669
$GNGGA,3955.10716,11620.31058,39.919784,116.344669
$GNGGA,3955.10716,11620.31057,39.919784,116.344669
$GNGGA,3955.10716,11620.31056,39.919784,116.344669
$GNGGA,3955.10715,11620.31055,39.919784,116.344668
$GNGGA,3955.10715,11620.31056,39.919784,116.344669
$GNGGA,3955.10716,11620.31058,39.919784,116.344669
$GNGGA,3955.10716,11620.31060,39.919784,116.344669
$GNGGA,3955.10716,11620.31060,39.919784,116.344669
$GNGGA,3955.10715,11620.31060,39.919784,116.344669
$GNGGA,3955.10715,11620.31060,39.919784,116.344669
$GNGGA,3955.10714,11620.31061,39.919784,116.344669
$GNGGA,3955.10714,11620.31061,39.919784,116.344669
$GNGGA,3955.10714,11620.31062,39.919784,116.344670
$GNGGA,3955.10713,11620.31063,39.919784,116.344670
$GNGGA,3955.10712,11620.31064,39.919784,116.344670
$GNGGA,3955.10712,11620.31065,39.919784,116.344670
$GNGGA,3955.10712,11620.31066,39.919784,116.344670
$GNGGA,3955.10712,11620.31067,39.919784,116.344670
$GNGGA,3955.10713,11620.31068,39.919784,116.344671
$GNGGA,3955.10713,11620.31071,39.919784,116.344671
$GNGGA,3955.10714,11620.31073,39.919784,116.344671
$GNGGA,3955.10714,11620.31075,39.919784,116.344672
$GNGGA,3955.10716,11620.31075,39.919785,116.344672
$GNGGA,3955.10681,11620.31080,39.919779,116.344673
$GNGGA,3955.10587,11620.31085,39.919763,116.344673
$GNGGA,3955.10415,11620.31094,39.919734,116.344675
$GNGGA,3955.10176,11620.31109,39.919695,116.344677
$GNGGA,3955.09890,11620.31133,39.919647,116.344681
$GNGGA,3955.09548,11620.31160,39.919590,116.344686
$GNGGA,3955.09143,11620.31192,39.919522,116.344691
$GNGGA,3955.08694,11620.31223,39.919448,116.344696
$GNGGA,3955.08241,11620.31253,39.919372,116.344701
$GNGGA,3955.07796,11620.31281,39.919298,116.344706
$GNGGA,3955.07373,11620.31307,39.919227,116.344710
$GNGGA,3955.06971,11620.31332,39.919160,116.344715
$GNGGA,3955.06604,11620.31351,39.919099,116.344718
$GNGGA,3955.06285,11620.31363,39.919046,116.344720
$GNGGA,3955.05999,11620.31379,39.918998,116.344722
$GNGGA,3955.05742,11620.31393,39.918956,116.344725
$GNGGA,3955.05508,11620.31409,39.918917,116.344727
$GNGGA,3955.05297,11620.31427,39.918881,116.344730
$GNGGA,3955.05114,11620.31443,39.918851,116.344733
$GNGGA,3955.04986,11620.31455,39.918830,116.344735
$GNGGA,3955.04912,11620.31463,39.918817,116.344736
$GNGGA,3955.04862,11620.31468,39.918809,116.344737
$GNGGA,3955.04821,11620.31470,39.918802,116.344738
$GNGGA,3955.04819,11620.31470,39.918802,116.344738
$GNGGA,3955.04820,11620.31470,39.918802,116.344738
$GNGGA,3955.04822,11620.31471,39.918802,116.344738
$GNGGA,3955.04822,11620.31472,39.918802,116.344738
$GNGGA,3955.04824,11620.31473,39.918803,116.344738
$GNGGA,3955.04825,11620.31473,39.918803,116.344738
$GNGGA,3955.04826,11620.31475,39.918803,116.344738
$GNGGA,3955.04826,11620.31475,39.918803,116.344738
$GNGGA,3955.04826,11620.31477,39.918803,116.344739
$GNGGA,3955.04827,11620.31478,39.918803,116.344739
$GNGGA,3955.04828,11620.31480,39.918803,116.344739
$GNGGA,3955.04828,11620.31482,39.918803,116.344740
$GNGGA,3955.04827,11620.31483,39.918803,116.344740
$GNGGA,3955.04827,11620.31485,39.918803,116.344740
$GNGGA,3955.04826,11620.31487,39.918803,116.344740
$GNGGA,3955.04825,11620.31489,39.918803,116.344741
$GNGGA,3955.04824,11620.31490,39.918803,116.344741
$GNGGA,3955.04823,11620.31491,39.918802,116.344741
$GNGGA,3955.04823,11620.31492,39.918802,116.344741
$GNGGA,3955.04822,11620.31493,39.918802,116.344741
$GNGGA,3955.04821,11620.31495,39.918802,116.344742
$GNGGA,3955.04821,11620.31497,39.918802,116.344742
$GNGGA,3955.04821,11620.31499,39.918802,116.344742
$GNGGA,3955.04821,11620.31501,39.918802,116.344743
$GNGGA,3955.04821,11620.31503,39.918802,116.344743
$GNGGA,3955.04822,11620.31505,39.918802,116.344743
$GNGGA,3955.04822,11620.31507,39.918802,116.344744
$GNGGA,3955.04823,11620.31509,39.918802,116.344744
$GNGGA,3955.04823,11620.31511,39.918802,116.344744
$GNGGA,3955.04823,11620.31513,39.918802,116.344745
$GNGGA,3955.04823,11620.31514,39.918802,116.344745
$GNGGA,3955.04824,11620.31516,39.918803,116.344745
$GNGGA,3955.04823,11620.31518,39.918802,116.344746
$GNGGA,3955.04823,11620.31519,39.918802,116.344746
$GNGGA,3955.04822,11620.31521,39.918802,116.344746
$GNGGA,3955.04821,11620.31523,39.918802,116.344746
$GNGGA,3955.04820,11620.31523,39.918802,116.344746
$GNGGA,3955.04820,11620.31523,39.918802,116.344746
$GNGGA,3955.04819,11620.31522,39.918802,116.344746
$GNGGA,3955.04818,11620.31520,39.918802,116.344746
$GNGGA,3955.04818,11620.31518,39.918802,116.344746
$GNGGA,3955.04818,11620.31516,39.918802,116.344745
$GNGGA,3955.04818,11620.31515,39.918802,116.344745
$GNGGA,3955.04818,11620.31515,39.918802,116.344745
$GNGGA,3955.04817,11620.31514,39.918801,116.344745
$GNGGA,3955.04817,11620.31513,39.918801,116.344745
$GNGGA,3955.04817,11620.31513,39.918801,116.344745
$GNGGA,3955.04817,11620.31513,39.918801,116.344745
$GNGGA,3955.04816,11620.31513,39.918801,116.344745
$GNGGA,3955.04816,11620.31513,39.918801,116.344745
$GNGGA,3955.04816,11620.31513,39.918801,116.344745
$GNGGA,3955.04816,11620.31513,39.918801,116.344745
$GNGGA,3955.04816,11620.31514,39.918801,116.344745
$GNGGA,3955.04816,11620.31514,39.918801,116.344745
$GNGGA,3955.04817,11620.31514,39.918801,116.344745
$GNGGA,3955.04817,11620.31514,39.918801,116.344745
$GNGGA,3955.04817,11620.31515,39.918801,116.344745
$GNGGA,3955.04817,11620.31515,39.918801,116.344745
$GNGGA,3955.04817,11620.31514,39.918801,116.344745
$GNGGA,3955.04817,11620.31514,39.918801,116.344745
$GNGGA,3955.04817,11620.31513,39.918801,116.344745
$GNGGA,3955.04816,11620.31512,39.918801,116.344745
$GNGGA,3955.04815,11620.31510,39.918801,116.344744
$GNGGA,3955.04814,11620.31508,39.918801,116.344744
$GNGGA,3955.04813,11620.31506,39.918801,116.344744
$GNGGA,3955.04813,11620.31506,39.918801,116.344744
$GNGGA,3955.04813,11620.31506,39.918801,116.344744
$GNGGA,3955.04813,11620.31505,39.918801,116.344743
$GNGGA,3955.04813,11620.31504,39.918801,116.344743
$GNGGA,3955.04813,11620.31504,39.918801,116.344743
$GNGGA,3955.04813,11620.31505,39.918801,116.344743
$GNGGA,3955.04790,11620.31507,39.918797,116.344744
$GNGGA,3955.04729,11620.31513,39.918787,116.344745
$GNGGA,3955.04605,11620.31521,39.918766,116.344746
$GNGGA,3955.04408,11620.31535,39.918733,116.344748
$GNGGA,3955.04139,11620.31552,39.918688,116.344751
$GNGGA,3955.03807,11620.31569,39.918633,116.344754
$GNGGA,3955.03454,11620.31588,39.918574,116.344757
$GNGGA,3955.03110,11620.31608,39.918517,116.344761
$GNGGA,3955.02740,11620.31639,39.918455,116.344766
$GNGGA,3955.02327,11620.31683,39.918386,116.344773
$GNGGA,3955.01906,11620.31736,39.918316,116.344782
$GNGGA,3955.01497,11620.31792,39.918248,116.344791
$GNGGA,3955.01087,11620.31851,39.918180,116.344801
$GNGGA,3955.00636,11620.31917,39.918105,116.344812
$GNGGA,3955.00142,11620.31979,39.918022,116.344823
$GNGGA,3954.99611,11620.32037,39.917934,116.344832
$GNGGA,3954.99048,11620.32088,39.917840,116.344841
$GNGGA,3954.98472,11620.32129,39.917744,116.344848
$GNGGA,3954.97927,11620.32166,39.917653,116.344854
$GNGGA,3954.97449,11620.32200,39.917574,116.344859
$GNGGA,3954.97071,11620.32230,39.917511,116.344864
$GNGGA,3954.96792,11620.32254,39.917464,116.344868
$GNGGA,3954.96605,11620.32269,39.917433,116.344871
$GNGGA,3954.96504,11620.32277,39.917416,116.344872
$GNGGA,3954.96459,11620.32282,39.917409,116.344873
$GNGGA,3954.96459,11620.32289,39.917409,116.344874
$GNGGA,3954.96457,11620.32296,39.917408,116.344875
$GNGGA,3954.96455,11620.32299,39.917408,116.344876
$GNGGA,3954.96453,11620.32305,39.917408,116.344877
$GNGGA,3954.96450,11620.32306,39.917407,116.344877
$GNGGA,3954.96448,11620.32309,39.917407,116.344878
$GNGGA,3954.96449,11620.32311,39.917407,116.344878
$GNGGA,3954.96449,11620.32310,39.917407,116.344878
$GNGGA,3954.96451,11620.32309,39.917407,116.344878
$GNGGA,3954.96453,11620.32307,39.917408,116.344877
$GNGGA,3954.96454,11620.32306,39.917408,116.344877
$GNGGA,3954.96454,11620.32305,39.917408,116.344877
$GNGGA,3954.96454,11620.32303,39.917408,116.344877
$GNGGA,3954.96408,11620.32299,39.917400,116.344876
$GNGGA,3954.96328,11620.32299,39.917387,116.344876
$GNGGA,3954.96237,11620.32306,39.917372,116.344877
$GNGGA,3954.96155,11620.32316,39.917358,116.344879
$GNGGA,3954.96088,11620.32324,39.917347,116.344880
$GNGGA,3954.96030,11620.32331,39.917337,116.344881
$GNGGA,3954.95975,11620.32336,39.917328,116.344882
$GNGGA,3954.95926,11620.32344,39.917320,116.344883
$GNGGA,3954.95884,11620.32351,39.917313,116.344885
$GNGGA,3954.95858,11620.32355,39.917308,116.344885
$GNGGA,3954.95854,11620.32360,39.917308,116.344886
$GNGGA,3954.95851,11620.32363,39.917307,116.344887
$GNGGA,3954.95851,11620.32368,39.917307,116.344887
$GNGGA,3954.95850,11620.32370,39.917307,116.344888
$GNGGA,3954.95759,11620.32370,39.917292,116.344888
$GNGGA,3954.95615,11620.32377,39.917268,116.344889
$GNGGA,3954.95404,11620.32389,39.917233,116.344891
$GNGGA,3954.95115,11620.32402,39.917185,116.344893
$GNGGA,3954.94746,11620.32420,39.917123,116.344896
$GNGGA,3954.94327,11620.32445,39.917053,116.344900
$GNGGA,3954.93918,11620.32473,39.916985,116.344905
$GNGGA,3954.93493,11620.32509,39.916914,116.344911
$GNGGA,3954.93036,11620.32538,39.916838,116.344916
$GNGGA,3954.92555,11620.32564,39.916758,116.344920
$GNGGA,3954.92096,11620.32591,39.916682,116.344925
$GNGGA,3954.91676,11620.32617,39.916612,116.344929
$GNGGA,3954.91328,11620.32637,39.916554,116.344932
$GNGGA,3954.91061,11620.32659,39.916509,116.344936
$GNGGA,3954.90868,11620.32670,39.916477,116.344938
$GNGGA,3954.90730,11620.32674,39.916454,116.344938
$GNGGA,3954.90630,11620.32677,39.916437,116.344939
$GNGGA,3954.90562,11620.32679,39.916426,116.344939
$GNGGA,3954.90558,11620.32675,39.916425,116.344939
$GNGGA,3954.90555,11620.32672,39.916425,116.344938
$GNGGA,3954.90555,11620.32668,39.916425,116.344937
$GNGGA,3954.90555,11620.32657,39.916425,116.344936
$GNGGA,3954.90554,11620.32644,39.916425,116.344933
$GNGGA,3954.90551,11620.32631,39.916424,116.344931
$GNGGA,3954.90501,11620.32627,39.916416,116.344931
$GNGGA,3954.90408,11620.32619,39.916400,116.344929
$GNGGA,3954.90261,11620.32618,39.916376,116.344929
$GNGGA,3954.90068,11620.32621,39.916344,116.344930
$GNGGA,3954.89829,11620.32628,39.916304,116.344931
$GNGGA,3954.89568,11620.32638,39.916260,116.344932
$GNGGA,3954.89322,11620.32649,39.916219,116.344934
$GNGGA,3954.89147,11620.32651,39.916190,116.344935
$GNGGA,3954.89044,11620.32660,39.916173,116.344936
$GNGGA,3954.88981,11620.32668,39.916162,116.344937
$GNGGA,3954.88933,11620.32672,39.916154,116.344938
$GNGGA,3954.88902,11620.32675,39.916149,116.344939
$GNGGA,3954.88898,11620.32681,39.916149,116.344940
$GNGGA,3954.88897,11620.32685,39.916148,116.344940
$GNGGA,3954.88896,11620.32690,39.916148,116.344941
$GNGGA,3954.88895,11620.32698,39.916148,116.344942
$GNGGA,3954.88893,11620.32701,39.916148,116.344943
$GNGGA,3954.88891,11620.32704,39.916147,116.344943
$GNGGA,3954.88888,11620.32706,39.916147,116.344944
$GNGGA,3954.88886,11620.32709,39.916147,116.344944
$GNGGA,3954.88882,11620.32712,39.916146,116.344945
$GNGGA,3954.88879,11620.32718,39.916145,116.344946
$GNGGA,3954.88878,11620.32724,39.916145,116.344947
$GNGGA,3954.88877,11620.32729,39.916145,116.344948
$GNGGA,3954.88877,11620.32733,39.916145,116.344948
$GNGGA,3954.88806,11620.32750,39.916133,116.344951
$GNGGA,3954.88675,11620.32770,39.916111,116.344954
$GNGGA,3954.88489,11620.32795,39.916080,116.344959
$GNGGA,3954.88273,11620.32820,39.916044,116.344963
$GNGGA,3954.88060,11620.32842,39.916009,116.344966
$GNGGA,3954.87861,11620.32867,39.915976,116.344971
$GNGGA,3954.87681,11620.32893,39.915946,116.344975
$GNGGA,3954.87551,11620.32912,39.915924,116.344978
$GNGGA,3954.87499,11620.32923,39.915915,116.344980
$GNGGA,3954.87498,11620.32929,39.915915,116.344981
$GNGGA,3954.87495,11620.32939,39.915915,116.344983
$GNGGA,3954.87494,11620.32947,39.915915,116.344984
$GNGGA,3954.87493,11620.32952,39.915914,116.344985
$GNGGA,3954.87491,11620.32957,39.915914,116.344986
$GNGGA,3954.87488,11620.32958,39.915914,116.344986
$GNGGA,3954.87485,11620.32957,39.915913,116.344986
$GNGGA,3954.87482,11620.32956,39.915913,116.344985
$GNGGA,3954.87480,11620.32955,39.915912,116.344985
$GNGGA,3954.87478,11620.32955,39.915912,116.344985
$GNGGA,3954.87477,11620.32953,39.915912,116.344985
$GNGGA,3954.87476,11620.32953,39.915912,116.344985
$GNGGA,3954.87475,11620.32956,39.915911,116.344985
$GNGGA,3954.87473,11620.32960,39.915911,116.344986
$GNGGA,3954.87472,11620.32963,39.915911,116.344987
$GNGGA,3954.87472,11620.32966,39.915911,116.344987
$GNGGA,3954.87472,11620.32968,39.915911,116.344987
$GNGGA,3954.87471,11620.32971,39.915911,116.344988
$GNGGA,3954.87472,11620.32972,39.915911,116.344988
$GNGGA,3954.87472,11620.32972,39.915911,116.344988
$GNGGA,3954.87474,11620.32973,39.915911,116.344988
$GNGGA,3954.87475,11620.32974,39.915911,116.344988
$GNGGA,3954.87477,11620.32975,39.915912,116.344989
$GNGGA,3954.87479,11620.32976,39.915912,116.344989
$GNGGA,3954.87480,11620.32977,39.915912,116.344989
$GNGGA,3954.87480,11620.32977,39.915912,116.344989
$GNGGA,3954.87480,11620.32978,39.915912,116.344989
$GNGGA,3954.87480,11620.32977,39.915912,116.344989
$GNGGA,3954.87480,11620.32976,39.915912,116.344989
$GNGGA,3954.87481,11620.32975,39.915912,116.344989
$GNGGA,3954.87483,11620.32973,39.915913,116.344988
$GNGGA,3954.87484,11620.32971,39.915913,116.344988
$GNGGA,3954.87485,11620.32969,39.915913,116.344988
$GNGGA,3954.87487,11620.32969,39.915913,116.344988
$GNGGA,3954.87489,11620.32970,39.915914,116.344988
$GNGGA,3954.87490,11620.32970,39.915914,116.344988
$GNGGA,3954.87491,11620.32970,39.915914,116.344988
$GNGGA,3954.87492,11620.32969,39.915914,116.344988
$GNGGA,3954.87492,11620.32969,39.915914,116.344988
$GNGGA,3954.87492,11620.32968,39.915914,116.344987
$GNGGA,3954.87493,11620.32967,39.915914,116.344987
$GNGGA,3954.87494,11620.32968,39.915915,116.344987
$GNGGA,3954.87496,11620.32969,39.915915,116.344988
$GNGGA,3954.87497,11620.32969,39.915915,116.344988
$GNGGA,3954.87498,11620.32970,39.915915,116.344988
$GNGGA,3954.87498,11620.32971,39.915915,116.344988
$GNGGA,3954.87499,11620.32973,39.915915,116.344988
$GNGGA,3954.87498,11620.32972,39.915915,116.344988
$GNGGA,3954.87499,11620.32975,39.915915,116.344989
$GNGGA,3954.87501,11620.32979,39.915916,116.344989
$GNGGA,3954.87503,11620.32984,39.915916,116.344990
$GNGGA,3954.87504,11620.32989,39.915916,116.344991
$GNGGA,3954.87506,11620.32994,39.915917,116.344992
$GNGGA,3954.87507,11620.32997,39.915917,116.344992
$GNGGA,3954.87507,11620.32999,39.915917,116.344993
$GNGGA,3954.87486,11620.33000,39.915913,116.344993
$GNGGA,3954.87460,11620.33004,39.915909,116.344993
$GNGGA,3954.87406,11620.33007,39.915900,116.344994
$GNGGA,3954.87294,11620.33021,39.915881,116.344996
$GNGGA,3954.87116,11620.33043,39.915852,116.345000
$GNGGA,3954.86861,11620.33056,39.915809,116.345002
$GNGGA,3954.86528,11620.33059,39.915754,116.345003
$GNGGA,3954.86130,11620.33067,39.915687,116.345004
$GNGGA,3954.85716,11620.33094,39.915618,116.345008
$GNGGA,3954.85311,11620.33115,39.915551,116.345012
$GNGGA,3954.84911,11620.33131,39.915484,116.345015
$GNGGA,3954.84491,11620.33165,39.915414,116.345020
$GNGGA,3954.84047,11620.33205,39.915340,116.345027
$GNGGA,3954.83610,11620.33234,39.915267,116.345032
$GNGGA,3954.83180,11620.33235,39.915196,116.345032
$GNGGA,3954.82732,11620.33195,39.915121,116.345025
$GNGGA,3954.82255,11620.33152,39.915041,116.345018
$GNGGA,3954.81790,11620.33153,39.914964,116.345018
$GNGGA,3954.81374,11620.33182,39.914895,116.345023
$GNGGA,3954.81037,11620.33204,39.914838,116.345027
$GNGGA,3954.80747,11620.33215,39.914790,116.345029
$GNGGA,3954.80537,11620.33224,39.914755,116.345030
$GNGGA,3954.80393,11620.33230,39.914731,116.345031
$GNGGA,3954.80276,11620.33233,39.914712,116.345032
$GNGGA,3954.80271,11620.33232,39.914711,116.345031
$GNGGA,3954.80267,11620.33234,39.914710,116.345032
$GNGGA,3954.80266,11620.33237,39.914710,116.345032
$GNGGA,3954.80263,11620.33241,39.914709,116.345033
$GNGGA,3954.80261,11620.33245,39.914709,116.345034
$GNGGA,3954.80258,11620.33248,39.914709,116.345034
$GNGGA,3954.80256,11620.33251,39.914708,116.345035
$GNGGA,3954.80253,11620.33253,39.914708,116.345035
$GNGGA,3954.80251,11620.33255,39.914707,116.345035
$GNGGA,3954.80247,11620.33257,39.914707,116.345036
$GNGGA,3954.80244,11620.33259,39.914706,116.345036
$GNGGA,3954.80242,11620.33259,39.914706,116.345036
$GNGGA,3954.80241,11620.33258,39.914706,116.345036
$GNGGA,3954.80240,11620.33254,39.914706,116.345035
$GNGGA,3954.80240,11620.33251,39.914706,116.345035
$GNGGA,3954.80239,11620.33248,39.914705,116.345034
$GNGGA,3954.80238,11620.33247,39.914705,116.345034
$GNGGA,3954.80237,11620.33246,39.914705,116.345034
$GNGGA,3954.80235,11620.33246,39.914705,116.345034
$GNGGA,3954.80233,11620.33245,39.914704,116.345034
$GNGGA,3954.80231,11620.33242,39.914704,116.345033
$GNGGA,3954.80231,11620.33238,39.914704,116.345032
$GNGGA,3954.80231,11620.33233,39.914704,116.345032
$GNGGA,3954.80232,11620.33228,39.914704,116.345031
$GNGGA,3954.80233,11620.33223,39.914704,116.345030
$GNGGA,3954.80235,11620.33220,39.914705,116.345029
$GNGGA,3954.80236,11620.33217,39.914705,116.345029
$GNGGA,3954.80238,11620.33214,39.914705,116.345028
$GNGGA,3954.80239,11620.33213,39.914705,116.345028
$GNGGA,3954.80240,11620.33214,39.914706,116.345028
$GNGGA,3954.80240,11620.33215,39.914706,116.345029
$GNGGA,3954.80241,11620.33215,39.914706,116.345029
$GNGGA,3954.80242,11620.33216,39.914706,116.345029
$GNGGA,3954.80244,11620.33217,39.914706,116.345029
$GNGGA,3954.80245,11620.33217,39.914706,116.345029
$GNGGA,3954.80246,11620.33217,39.914707,116.345029
$GNGGA,3954.80246,11620.33216,39.914707,116.345029
$GNGGA,3954.80246,11620.33216,39.914707,116.345029
$GNGGA,3954.80246,11620.33215,39.914707,116.345029
$GNGGA,3954.80246,11620.33214,39.914707,116.345028
$GNGGA,3954.80246,11620.33214,39.914707,116.345028
$GNGGA,3954.80245,11620.33213,39.914706,116.345028
$GNGGA,3954.80245,11620.33212,39.914706,116.345028
$GNGGA,3954.80244,11620.33212,39.914706,116.345028
$GNGGA,3954.80243,11620.33212,39.914706,116.345028
$GNGGA,3954.80243,11620.33211,39.914706,116.345028
$GNGGA,3954.80242,11620.33210,39.914706,116.345028
$GNGGA,3954.80242,11620.33209,39.914706,116.345028
$GNGGA,3954.80242,11620.33209,39.914706,116.345028
$GNGGA,3954.80243,11620.33208,39.914706,116.345027
$GNGGA,3954.80243,11620.33208,39.914706,116.345027
$GNGGA,3954.80243,11620.33207,39.914706,116.345027
$GNGGA,3954.80243,11620.33208,39.914706,116.345027
$GNGGA,3954.80243,11620.33209,39.914706,116.345028
$GNGGA,3954.80243,11620.33209,39.914706,116.345028
$GNGGA,3954.80244,11620.33208,39.914706,116.345027
$GNGGA,3954.80245,11620.33207,39.914706,116.345027
$GNGGA,3954.80246,11620.33206,39.914707,116.345027
$GNGGA,3954.80247,11620.33204,39.914707,116.345027
$GNGGA,3954.80248,11620.33203,39.914707,116.345027
$GNGGA,3954.80248,11620.33202,39.914707,116.345026
$GNGGA,3954.80248,11620.33201,39.914707,116.345026
$GNGGA,3954.80248,11620.33200,39.914707,116.345026
$GNGGA,3954.80248,11620.33198,39.914707,116.345026
$GNGGA,3954.80247,11620.33197,39.914707,116.345026
$GNGGA,3954.80247,11620.33195,39.914707,116.345025
$GNGGA,3954.80247,11620.33194,39.914707,116.345025
$GNGGA,3954.80247,11620.33193,39.914707,116.345025
$GNGGA,3954.80247,11620.33193,39.914707,116.345025
$GNGGA,3954.80246,11620.33192,39.914707,116.345025
$GNGGA,3954.80246,11620.33192,39.914707,116.345025
$GNGGA,3954.80246,11620.33191,39.914707,116.345025
$GNGGA,3954.80246,11620.33189,39.914707,116.345024
$GNGGA,3954.80245,11620.33187,39.914706,116.345024
$GNGGA,3954.80244,11620.33185,39.914706,116.345024
$GNGGA,3954.80244,11620.33183,39.914706,116.345023
$GNGGA,3954.80243,11620.33181,39.914706,116.345023
$GNGGA,3954.80243,11620.33180,39.914706,116.345023
$GNGGA,3954.80244,11620.33179,39.914706,116.345023
$GNGGA,3954.80244,11620.33179,39.914706,116.345023
$GNGGA,3954.80244,11620.33178,39.914706,116.345022
$GNGGA,3954.80244,11620.33178,39.914706,116.345022
$GNGGA,3954.80244,11620.33177,39.914706,116.345022
$GNGGA,3954.80244,11620.33175,39.914706,116.345022
$GNGGA,3954.80244,11620.33174,39.914706,116.345022
$GNGGA,3954.80244,11620.33172,39.914706,116.345021
$GNGGA,3954.80244,11620.33173,39.914706,116.345022
$GNGGA,3954.80244,11620.33175,39.914706,116.345022
$GNGGA,3954.80244,11620.33175,39.914706,116.345022
$GNGGA,3954.80244,11620.33175,39.914706,116.345022
$GNGGA,3954.80244,11620.33175,39.914706,116.345022
$GNGGA,3954.80244,11620.33175,39.914706,116.345022
$GNGGA,3954.80244,11620.33175,39.914706,116.345022
$GNGGA,3954.80244,11620.33176,39.914706,116.345022
$GNGGA,3954.80245,11620.33178,39.914706,116.345022
$GNGGA,3954.80244,11620.33180,39.914706,116.345023
$GNGGA,3954.80215,11620.33181,39.914701,116.345023
$GNGGA,3954.80167,11620.33189,39.914693,116.345024
$GNGGA,3954.80076,11620.33202,39.914678,116.345026
$GNGGA,3954.79920,11620.33218,39.914652,116.345029
$GNGGA,3954.79697,11620.33234,39.914615,116.345032
$GNGGA,3954.79415,11620.33251,39.914568,116.345035
$GNGGA,3954.79107,11620.33266,39.914517,116.345037
$GNGGA,3954.78829,11620.33280,39.914470,116.345039
$GNGGA,3954.78602,11620.33293,39.914433,116.345042
$GNGGA,3954.78414,11620.33306,39.914401,116.345044
$GNGGA,3954.78249,11620.33318,39.914374,116.345046
$GNGGA,3954.78088,11620.33329,39.914347,116.345048
$GNGGA,3954.77891,11620.33344,39.914314,116.345050
$GNGGA,3954.77657,11620.33363,39.914275,116.345053
$GNGGA,3954.77384,11620.33380,39.914230,116.345056
$GNGGA,3954.77087,11620.33400,39.914180,116.345059
$GNGGA,3954.76799,11620.33418,39.914132,116.345062
$GNGGA,3954.76513,11620.33436,39.914084,116.345065
$GNGGA,3954.76206,11620.33471,39.914033,116.345071
$GNGGA,3954.75870,11620.33528,39.913977,116.345081
$GNGGA,3954.75504,11620.33588,39.913916,116.345091
$GNGGA,3954.75110,11620.33644,39.913851,116.345100
$GNGGA,3954.74688,11620.33691,39.913780,116.345108
$GNGGA,3954.74239,11620.33734,39.913706,116.345115
$GNGGA,3954.73768,11620.33769,39.913627,116.345121
$GNGGA,3954.73287,11620.33801,39.913547,116.345126
$GNGGA,3954.72813,11620.33832,39.913468,116.345131
$GNGGA,3954.72353,11620.33857,39.913391,116.345136
$GNGGA,3954.71956,11620.33875,39.913325,116.345139
$GNGGA,3954.71639,11620.33892,39.913272,116.345141
$GNGGA,3954.71348,11620.33907,39.913224,116.345144
$GNGGA,3954.71059,11620.33917,39.913176,116.345146
$GNGGA,3954.70777,11620.33922,39.913129,116.345146
$GNGGA,3954.70500,11620.33920,39.913082,116.345146
$GNGGA,3954.70248,11620.33919,39.913040,116.345146
$GNGGA,3954.70049,11620.33920,39.913007,116.345146
$GNGGA,3954.69871,11620.33917,39.912978,116.345146
$GNGGA,3954.69693,11620.33913,39.912948,116.345145
$GNGGA,3954.69490,11620.33906,39.912914,116.345144
$GNGGA,3954.69244,11620.33894,39.912873,116.345142
$GNGGA,3954.68962,11620.33875,39.912826,116.345139
$GNGGA,3954.68639,11620.33848,39.912772,116.345134
$GNGGA,3954.68296,11620.33824,39.912715,116.345130
$GNGGA,3954.67962,11620.33803,39.912659,116.345127
$GNGGA,3954.67662,11620.33785,39.912609,116.345123
$GNGGA,3954.67431,11620.33773,39.912571,116.345121
$GNGGA,3954.67269,11620.33765,39.912544,116.345120
$GNGGA,3954.67179,11620.33757,39.912529,116.345119
$GNGGA,3954.67128,11620.33748,39.912520,116.345117
$GNGGA,3954.67097,11620.33740,39.912515,116.345116
$GNGGA,3954.67095,11620.33737,39.912515,116.345115
$GNGGA,3954.67091,11620.33736,39.912514,116.345115
$GNGGA,3954.67088,11620.33736,39.912514,116.345115
$GNGGA,3954.67086,11620.33741,39.912513,116.345116
$GNGGA,3954.67085,11620.33743,39.912513,116.345116
$GNGGA,3954.67082,11620.33742,39.912513,116.345116
$GNGGA,3954.67079,11620.33740,39.912512,116.345116
$GNGGA,3954.67076,11620.33737,39.912512,116.345115
$GNGGA,3954.67074,11620.33733,39.912511,116.345115
$GNGGA,3954.67070,11620.33729,39.912511,116.345114
$GNGGA,3954.67069,11620.33729,39.912511,116.345114
$GNGGA,3954.67068,11620.33730,39.912510,116.345114
$GNGGA,3954.67067,11620.33733,39.912510,116.345115
$GNGGA,3954.67066,11620.33736,39.912510,116.345115
$GNGGA,3954.67065,11620.33737,39.912510,116.345115
$GNGGA,3954.67065,11620.33739,39.912510,116.345116
$GNGGA,3954.67065,11620.33741,39.912510,116.345116
$GNGGA,3954.67065,11620.33742,39.912510,116.345116
$GNGGA,3954.67065,11620.33744,39.912510,116.345117
$GNGGA,3954.67068,11620.33745,39.912510,116.345117
$GNGGA,3954.67071,11620.33744,39.912511,116.345117
$GNGGA,3954.67074,11620.33745,39.912511,116.345117
$GNGGA,3954.67076,11620.33743,39.912512,116.345116
$GNGGA,3954.67077,11620.33742,39.912512,116.345116
$GNGGA,3954.67077,11620.33740,39.912512,116.345116
$GNGGA,3954.67078,11620.33737,39.912512,116.345115
$GNGGA,3954.67079,11620.33735,39.912512,116.345115
$GNGGA,3954.67081,11620.33733,39.912513,116.345115
$GNGGA,3954.67082,11620.33731,39.912513,116.345114
$GNGGA,3954.67083,11620.33729,39.912513,116.345114
$GNGGA,3954.67028,11620.33727,39.912504,116.345114
$GNGGA,3954.66907,11620.33716,39.912484,116.345112
$GNGGA,3954.66714,11620.33700,39.912451,116.345109
$GNGGA,3954.66460,11620.33673,39.912409,116.345105
$GNGGA,3954.66200,11620.33651,39.912366,116.345101
$GNGGA,3954.66012,11620.33635,39.912334,116.345098
$GNGGA,3954.65925,11620.33629,39.912320,116.345097
$GNGGA,3954.65917,11620.33630,39.912318,116.345098
$GNGGA,3954.65910,11620.33632,39.912317,116.345098
$GNGGA,3954.65906,11620.33632,39.912317,116.345098
$GNGGA,3954.65903,11620.33628,39.912316,116.345097
$GNGGA,3954.65900,11620.33622,39.912316,116.345096
$GNGGA,3954.65897,11620.33616,39.912315,116.345095
$GNGGA,3954.65892,11620.33610,39.912314,116.345094
$GNGGA,3954.65889,11620.33605,39.912314,116.345093
$GNGGA,3954.65832,11620.33596,39.912304,116.345092
$GNGGA,3954.65731,11620.33581,39.912287,116.345089
$GNGGA,3954.65599,11620.33561,39.912265,116.345086
$GNGGA,3954.65459,11620.33544,39.912242,116.345083
$GNGGA,3954.65351,11620.33528,39.912224,116.345081
$GNGGA,3954.65285,11620.33521,39.912213,116.345079
$GNGGA,3954.65237,11620.33521,39.912205,116.345079
$GNGGA,3954.65197,11620.33519,39.912198,116.345079
$GNGGA,3954.65158,11620.33519,39.912192,116.345079
$GNGGA,3954.65125,11620.33521,39.912186,116.345079
$GNGGA,3954.65092,11620.33522,39.912181,116.345080
$GNGGA,3954.65026,11620.33515,39.912170,116.345078
$GNGGA,3954.64914,11620.33504,39.912151,116.345077
$GNGGA,3954.64807,11620.33493,39.912133,116.345075
$GNGGA,3954.64750,11620.33487,39.912124,116.345074
$GNGGA,3954.64747,11620.33488,39.912123,116.345074
$GNGGA,3954.64747,11620.33486,39.912123,116.345073
$GNGGA,3954.64747,11620.33484,39.912123,116.345073
$GNGGA,3954.64748,11620.33483,39.912124,116.345073
$GNGGA,3954.64750,11620.33484,39.912124,116.345073
$GNGGA,3954.64752,11620.33484,39.912124,116.345073
$GNGGA,3954.64755,11620.33483,39.912125,116.345073
$GNGGA,3954.64759,11620.33480,39.912125,116.345072
$GNGGA,3954.64762,11620.33476,39.912126,116.345072
$GNGGA,3954.64765,11620.33471,39.912126,116.345071
$GNGGA,3954.64766,11620.33469,39.912127,116.345071
$GNGGA,3954.64766,11620.33465,39.912127,116.345070
$GNGGA,3954.64765,11620.33462,39.912126,116.345069
$GNGGA,3954.64764,11620.33462,39.912126,116.345069
$GNGGA,3954.64763,11620.33464,39.912126,116.345070
$GNGGA,3954.64763,11620.33466,39.912126,116.345070
$GNGGA,3954.64763,11620.33469,39.912126,116.345071
$GNGGA,3954.64764,11620.33470,39.912126,116.345071
$GNGGA,3954.64764,11620.33469,39.912126,116.345071
$GNGGA,3954.64764,11620.33468,39.912126,116.345070
$GNGGA,3954.64764,11620.33467,39.912126,116.345070
$GNGGA,3954.64765,11620.33467,39.912126,116.345070
$GNGGA,3954.64766,11620.33467,39.912127,116.345070
$GNGGA,3954.64766,11620.33465,39.912127,116.345070
$GNGGA,3954.64766,11620.33463,39.912127,116.345070
$GNGGA,3954.64767,11620.33461,39.912127,116.345069
$GNGGA,3954.64767,11620.33459,39.912127,116.345069
$GNGGA,3954.64768,11620.33458,39.912127,116.345069
$GNGGA,3954.64769,11620.33457,39.912127,116.345069
