$GNGGA,3954.34200,11620.25670,39.907030,116.343767
$GNGGA,3954.34422,11620.25741,39.907067,116.343779
$GNGGA,3954.34709,11620.25831,39.907114,116.343794
$GNGGA,3954.35047,11620.25947,39.907171,116.343814
$GNGGA,3954.35427,11620.26092,39.907234,116.343838
$GNGGA,3954.35816,11620.26246,39.907299,116.343863
$GNGGA,3954.36213,11620.26400,39.907365,116.343889
$GNGGA,3954.36647,11620.26557,39.907438,116.343915
$GNGGA,3954.37121,11620.26718,39.907517,116.343942
$GNGGA,3954.37629,11620.26877,39.907601,116.343969
$GNGGA,3954.38163,11620.27038,39.907691,116.343996
$GNGGA,3954.38724,11620.27203,39.907784,116.344023
$GNGGA,3954.39308,11620.27372,39.907882,116.344052
$GNGGA,3954.39917,11620.27559,39.907983,116.344083
$GNGGA,3954.40559,11620.27755,39.908090,116.344116
$GNGGA,3954.41201,11620.27951,39.908197,116.344148
$GNGGA,3954.41840,11620.28143,39.908304,116.344181
$GNGGA,3954.42485,11620.28341,39.908411,116.344214
$GNGGA,3954.43157,11620.28548,39.908523,116.344248
$GNGGA,3954.43851,11620.28763,39.908639,116.344284
$GNGGA,3954.44568,11620.28984,39.908759,116.344321
$GNGGA,3954.45305,11620.29212,39.908882,116.344359
$GNGGA,3954.46063,11620.29444,39.909008,116.344398
$GNGGA,3954.46840,11620.29674,39.909138,116.344436
$GNGGA,3954.47635,11620.29909,39.909270,116.344476
$GNGGA,3954.48443,11620.30153,39.909405,116.344516
$GNGGA,3954.49265,11620.30410,39.909542,116.344559
$GNGGA,3954.50097,11620.30679,39.909681,116.344604
$GNGGA,3954.50919,11620.30939,39.909818,116.344648
$GNGGA,3954.51730,11620.31191,39.909953,116.344690
$GNGGA,3954.52546,11620.31433,39.910089,116.344730
$GNGGA,3954.53373,11620.31676,39.910227,116.344771
$GNGGA,3954.54201,11620.31921,39.910365,116.344812
$GNGGA,3954.55015,11620.32175,39.910501,116.344854
$GNGGA,3954.55823,11620.32431,39.910636,116.344897
$GNGGA,3954.56638,11620.32678,39.910772,116.344938
$GNGGA,3954.57454,11620.32914,39.910908,116.344978
$GNGGA,3954.58273,11620.33131,39.911044,116.345014
$GNGGA,3954.59096,11620.33327,39.911182,116.345047
$GNGGA,3954.59927,11620.33510,39.911320,116.345077
$GNGGA,3954.60768,11620.33684,39.911460,116.345106
$GNGGA,3954.61617,11620.33854,39.911602,116.345135
$GNGGA,3954.62468,11620.34009,39.911744,116.345161
$GNGGA,3954.63308,11620.34145,39.911884,116.345184
$GNGGA,3954.64132,11620.34257,39.912021,116.345202
$GNGGA,3954.64951,11620.34349,39.912158,116.345218
$GNGGA,3954.65776,11620.34440,39.912295,116.345233
$GNGGA,3954.66622,11620.34512,39.912436,116.345245
$GNGGA,3954.67487,11620.34561,39.912580,116.345253
$GNGGA,3954.68371,11620.34588,39.912728,116.345258
$GNGGA,3954.69254,11620.34614,39.912875,116.345262
$GNGGA,3954.70095,11620.34664,39.913015,116.345270
$GNGGA,3954.70871,11620.34740,39.913145,116.345283
$GNGGA,3954.71574,11620.34803,39.913262,116.345294
$GNGGA,3954.72210,11620.34825,39.913368,116.345297
$GNGGA,3954.72772,11620.34812,39.913461,116.345295
$GNGGA,3954.73248,11620.34783,39.913541,116.345290
$GNGGA,3954.73640,11620.34760,39.913606,116.345286
$GNGGA,3954.73948,11620.34741,39.913657,116.345283
$GNGGA,3954.74188,11620.34722,39.913697,116.345280
$GNGGA,3954.74367,11620.34711,39.913727,116.345278
$GNGGA,3954.74479,11620.34701,39.913746,116.345277
$GNGGA,3954.74541,11620.34697,39.913756,116.345276
$GNGGA,3954.74578,11620.34695,39.913762,116.345276
$GNGGA,3954.74611,11620.34696,39.913768,116.345276
$GNGGA,3954.74641,11620.34697,39.913773,116.345276
$GNGGA,3954.74670,11620.34698,39.913778,116.345276
$GNGGA,3954.74695,11620.34702,39.913782,116.345277
$GNGGA,3954.74698,11620.34704,39.913782,116.345277
$GNGGA,3954.74700,11620.34703,39.913783,116.345277
$GNGGA,3954.74702,11620.34705,39.913783,116.345277
$GNGGA,3954.74702,11620.34706,39.913783,116.345277
$GNGGA,3954.74703,11620.34706,39.913783,116.345277
$GNGGA,3954.74704,11620.34705,39.913783,116.345277
$GNGGA,3954.74706,11620.34700,39.913784,116.345276
$GNGGA,3954.74708,11620.34694,39.913784,116.345275
$GNGGA,3954.74710,11620.34690,39.913784,116.345275
$GNGGA,3954.74713,11620.34686,39.913785,116.345274
$GNGGA,3954.74716,11620.34683,39.913785,116.345274
$GNGGA,3954.74718,11620.34681,39.913786,116.345273
$GNGGA,3954.74720,11620.34678,39.913786,116.345273
$GNGGA,3954.74721,11620.34674,39.913786,116.345272
$GNGGA,3954.74723,11620.34672,39.913787,116.345272
$GNGGA,3954.74723,11620.34671,39.913787,116.345272
$GNGGA,3954.74722,11620.34670,39.913786,116.345271
$GNGGA,3954.74722,11620.34671,39.913786,116.345272
$GNGGA,3954.74722,11620.34670,39.913786,116.345271
$GNGGA,3954.74721,11620.34670,39.913786,116.345271
$GNGGA,3954.74720,11620.34668,39.913786,116.345271
$GNGGA,3954.74719,11620.34666,39.913786,116.345271
$GNGGA,3954.74718,11620.34665,39.913786,116.345271
$GNGGA,3954.74717,11620.34662,39.913786,116.345270
$GNGGA,3954.74716,11620.34659,39.913785,116.345270
$GNGGA,3954.74742,11620.34658,39.913790,116.345269
$GNGGA,3954.74815,11620.34650,39.913802,116.345268
$GNGGA,3954.74933,11620.34640,39.913822,116.345266
$GNGGA,3954.75097,11620.34630,39.913849,116.345265
$GNGGA,3954.75321,11620.34614,39.913886,116.345262
$GNGGA,3954.75591,11620.34596,39.913931,116.345259
$GNGGA,3954.75902,11620.34574,39.913983,116.345255
$GNGGA,3954.76224,11620.34553,39.914037,116.345252
$GNGGA,3954.76559,11620.34532,39.914093,116.345248
$GNGGA,3954.76930,11620.34512,39.914154,116.345245
$GNGGA,3954.77344,11620.34489,39.914223,116.345241
$GNGGA,3954.77807,11620.34466,39.914300,116.345237
$GNGGA,3954.78318,11620.34452,39.914386,116.345235
$GNGGA,3954.78869,11620.34433,39.914477,116.345232
$GNGGA,3954.79457,11620.34392,39.914575,116.345225
$GNGGA,3954.80079,11620.34343,39.914679,116.345217
$GNGGA,3954.80735,11620.34291,39.914788,116.345208
$GNGGA,3954.81389,11620.34243,39.914897,116.345200
$GNGGA,3954.82037,11620.34200,39.915005,116.345193
$GNGGA,3954.82705,11620.34168,39.915117,116.345188
$GNGGA,3954.83379,11620.34133,39.915229,116.345182
$GNGGA,3954.84047,11620.34091,39.915340,116.345175
$GNGGA,3954.84724,11620.34042,39.915453,116.345167
$GNGGA,3954.85420,11620.33990,39.915569,116.345158
$GNGGA,3954.86134,11620.33932,39.915688,116.345148
$GNGGA,3954.86868,11620.33843,39.915811,116.345134
$GNGGA,3954.87613,11620.33743,39.915935,116.345117
$GNGGA,3954.88368,11620.33659,39.916060,116.345103
$GNGGA,3954.89135,11620.33601,39.916188,116.345093
$GNGGA,3954.89914,11620.33554,39.916318,116.345085
$GNGGA,3954.90692,11620.33500,39.916448,116.345076
$GNGGA,3954.91476,11620.33434,39.916578,116.345065
$GNGGA,3954.92259,11620.33359,39.916709,116.345053
$GNGGA,3954.93027,11620.33281,39.916837,116.345040
$GNGGA,3954.93765,11620.33200,39.916960,116.345026
$GNGGA,3954.94465,11620.33121,39.917077,116.345013
$GNGGA,3954.95132,11620.33061,39.917188,116.345003
$GNGGA,3954.95772,11620.33018,39.917294,116.344996
$GNGGA,3954.96388,11620.32977,39.917397,116.344989
$GNGGA,3954.96970,11620.32936,39.917494,116.344982
$GNGGA,3954.97503,11620.32897,39.917583,116.344976
$GNGGA,3954.97976,11620.32865,39.917662,116.344970
$GNGGA,3954.98400,11620.32842,39.917732,116.344967
$GNGGA,3954.98767,11620.32823,39.917793,116.344963
$GNGGA,3954.99053,11620.32811,39.917841,116.344961
$GNGGA,3954.99256,11620.32811,39.917875,116.344961
$GNGGA,3954.99409,11620.32803,39.917900,116.344960
$GNGGA,3954.99532,11620.32797,39.917921,116.344959
$GNGGA,3954.99646,11620.32787,39.917940,116.344957
$GNGGA,3954.99772,11620.32780,39.917961,116.344956
$GNGGA,3954.99949,11620.32767,39.917990,116.344954
$GNGGA,3955.00193,11620.32753,39.918031,116.344952
$GNGGA,3955.00507,11620.32733,39.918083,116.344948
$GNGGA,3955.00873,11620.32710,39.918144,116.344945
$GNGGA,3955.01279,11620.32689,39.918212,116.344941
$GNGGA,3955.01688,11620.32661,39.918280,116.344936
$GNGGA,3955.02116,11620.32630,39.918352,116.344931
$GNGGA,3955.02585,11620.32600,39.918430,116.344926
$GNGGA,3955.03095,11620.32568,39.918515,116.344921
$GNGGA,3955.03640,11620.32531,39.918606,116.344915
$GNGGA,3955.04215,11620.32481,39.918701,116.344906
$GNGGA,3955.04792,11620.32433,39.918798,116.344898
$GNGGA,3955.05360,11620.32398,39.918892,116.344893
$GNGGA,3955.05945,11620.32389,39.918990,116.344891
$GNGGA,3955.06547,11620.32393,39.919090,116.344892
$GNGGA,3955.07167,11620.32388,39.919193,116.344891
$GNGGA,3955.07800,11620.32369,39.919299,116.344888
$GNGGA,3955.08447,11620.32337,39.919407,116.344882
$GNGGA,3955.09098,11620.32302,39.919515,116.344877
$GNGGA,3955.09751,11620.32270,39.919624,116.344871
$GNGGA,3955.10412,11620.32231,39.919734,116.344865
$GNGGA,3955.11078,11620.32187,39.919845,116.344857
$GNGGA,3955.11744,11620.32138,39.919956,116.344849
$GNGGA,3955.12407,11620.32087,39.920067,116.344841
$GNGGA,3955.13071,11620.32035,39.920177,116.344832
$GNGGA,3955.13737,11620.31988,39.920288,116.344824
$GNGGA,3955.14408,11620.31954,39.920400,116.344819
$GNGGA,3955.15092,11620.31926,39.920514,116.344814
$GNGGA,3955.15784,11620.31891,39.920629,116.344808
$GNGGA,3955.16465,11620.31846,39.920743,116.344801
$GNGGA,3955.17131,11620.31796,39.920854,116.344792
$GNGGA,3955.17800,11620.31747,39.920965,116.344784
$GNGGA,3955.18479,11620.31704,39.921079,116.344777
$GNGGA,3955.19176,11620.31660,39.921195,116.344770
$GNGGA,3955.19889,11620.31613,39.921314,116.344762
$GNGGA,3955.20621,11620.31558,39.921436,116.344753
$GNGGA,3955.21371,11620.31504,39.921561,116.344744
$GNGGA,3955.22139,11620.31453,39.921689,116.344735
$GNGGA,3955.22924,11620.31405,39.921819,116.344727
$GNGGA,3955.23724,11620.31360,39.921953,116.344720
$GNGGA,3955.24539,11620.31320,39.922089,116.344713
$GNGGA,3955.25372,11620.31276,39.922227,116.344706
$GNGGA,3955.26216,11620.31230,39.922368,116.344698
$GNGGA,3955.27064,11620.31179,39.922509,116.344689
$GNGGA,3955.27903,11620.31121,39.922649,116.344680
$GNGGA,3955.28721,11620.31058,39.922785,116.344669
$GNGGA,3955.29489,11620.30998,39.922913,116.344659
$GNGGA,3955.30224,11620.30935,39.923036,116.344649
$GNGGA,3955.30946,11620.30853,39.923156,116.344635
$GNGGA,3955.31668,11620.30759,39.923277,116.344619
$GNGGA,3955.32398,11620.30660,39.923398,116.344603
$GNGGA,3955.33128,11620.30554,39.923520,116.344585
$GNGGA,3955.33851,11620.30445,39.923640,116.344567
$GNGGA,3955.34568,11620.30336,39.923760,116.344549
$GNGGA,3955.35286,11620.30254,39.923879,116.344535
$GNGGA,3955.36018,11620.30203,39.924001,116.344527
$GNGGA,3955.36773,11620.30166,39.924127,116.344520
$GNGGA,3955.37536,11620.30118,39.924254,116.344512
$GNGGA,3955.38316,11620.30055,39.924384,116.344502
$GNGGA,3955.39106,11620.29979,39.924516,116.344489
$GNGGA,3955.39909,11620.29908,39.924650,116.344477
$GNGGA,3955.40702,11620.29838,39.924782,116.344466
$GNGGA,3955.41459,11620.29752,39.924908,116.344451
$GNGGA,3955.42174,11620.29659,39.925027,116.344436
$GNGGA,3955.42882,11620.29581,39.925145,116.344423
$GNGGA,3955.43589,11620.29501,39.925263,116.344409
$GNGGA,3955.44313,11620.29419,39.925384,116.344396
$GNGGA,3955.45057,11620.29341,39.925508,116.344383
$GNGGA,3955.45797,11620.29260,39.925631,116.344369
$GNGGA,3955.46525,11620.29178,39.925752,116.344356
$GNGGA,3955.47236,11620.29091,39.925871,116.344341
$GNGGA,3955.47906,11620.29005,39.925982,116.344327
$GNGGA,3955.48529,11620.28921,39.926086,116.344313
$GNGGA,3955.49116,11620.28842,39.926184,116.344300
$GNGGA,3955.49686,11620.28771,39.926279,116.344288
$GNGGA,3955.50229,11620.28699,39.926370,116.344276
$GNGGA,3955.50747,11620.28616,39.926456,116.344262
$GNGGA,3955.51249,11620.28551,39.926539,116.344251
$GNGGA,3955.51751,11620.28506,39.926623,116.344243
$GNGGA,3955.52248,11620.28472,39.926706,116.344238
$GNGGA,3955.52697,11620.28437,39.926781,116.344232
$GNGGA,3955.53045,11620.28395,39.926839,116.344225
$GNGGA,3955.53345,11620.28354,39.926889,116.344218
$GNGGA,3955.53640,11620.28307,39.926938,116.344210
$GNGGA,3955.53944,11620.28257,39.926989,116.344202
$GNGGA,3955.54261,11620.28206,39.927041,116.344193
$GNGGA,3955.54576,11620.28141,39.927094,116.344183
$GNGGA,3955.54876,11620.28051,39.927144,116.344168
$GNGGA,3955.55175,11620.27936,39.927194,116.344148
$GNGGA,3955.55489,11620.27829,39.927246,116.344130
$GNGGA,3955.55823,11620.27735,39.927302,116.344115
$GNGGA,3955.56170,11620.27645,39.927359,116.344100
$GNGGA,3955.56515,11620.27564,39.927417,116.344086
$GNGGA,3955.56860,11620.27497,39.927474,116.344075
$GNGGA,3955.57193,11620.27447,39.927530,116.344067
$GNGGA,3955.57470,11620.27415,39.927576,116.344061
$GNGGA,3955.57679,11620.27393,39.927611,116.344058
$GNGGA,3955.57798,11620.27377,39.927631,116.344055
$GNGGA,3955.57848,11620.27370,39.927639,116.344054
$GNGGA,3955.57878,11620.27368,39.927644,116.344053
$GNGGA,3955.57881,11620.27368,39.927644,116.344053
$GNGGA,3955.57885,11620.27367,39.927645,116.344053
$GNGGA,3955.57886,11620.27368,39.927645,116.344053
$GNGGA,3955.57889,11620.27369,39.927646,116.344054
$GNGGA,3955.57890,11620.27368,39.927646,116.344053
$GNGGA,3955.57891,11620.27368,39.927646,116.344053
$GNGGA,3955.57893,11620.27366,39.927646,116.344053
$GNGGA,3955.57895,11620.27366,39.927647,116.344053
$GNGGA,3955.57897,11620.27366,39.927647,116.344053
$GNGGA,3955.57899,11620.27366,39.927647,116.344053
$GNGGA,3955.57900,11620.27366,39.927648,116.344053
$GNGGA,3955.57900,11620.27366,39.927648,116.344053
$GNGGA,3955.57901,11620.27367,39.927648,116.344053
$GNGGA,3955.57901,11620.27367,39.927648,116.344053
$GNGGA,3955.57902,11620.27367,39.927648,116.344053
$GNGGA,3955.57902,11620.27367,39.927648,116.344053
$GNGGA,3955.57902,11620.27367,39.927648,116.344053
$GNGGA,3955.57903,11620.27367,39.927648,116.344053
$GNGGA,3955.57902,11620.27364,39.927648,116.344053
$GNGGA,3955.57902,11620.27361,39.927648,116.344052
$GNGGA,3955.57902,11620.27359,39.927648,116.344052
$GNGGA,3955.57902,11620.27358,39.927648,116.344052
$GNGGA,3955.57902,11620.27359,39.927648,116.344052
$GNGGA,3955.57903,11620.27359,39.927648,116.344052
$GNGGA,3955.57904,11620.27360,39.927648,116.344052
$GNGGA,3955.57905,11620.27360,39.927648,116.344052
$GNGGA,3955.57906,11620.27359,39.927649,116.344052
$GNGGA,3955.57907,11620.27358,39.927649,116.344052
$GNGGA,3955.57935,11620.27346,39.927653,116.344050
$GNGGA,3955.57974,11620.27337,39.927660,116.344048
$GNGGA,3955.58046,11620.27323,39.927672,116.344046
$GNGGA,3955.58182,11620.27304,39.927695,116.344043
$GNGGA,3955.58362,11620.27280,39.927725,116.344039
$GNGGA,3955.58522,11620.27260,39.927751,116.344035
$GNGGA,3955.58667,11620.27242,39.927775,116.344032
$GNGGA,3955.58859,11620.27224,39.927807,116.344029
$GNGGA,3955.59095,11620.27201,39.927847,116.344026
$GNGGA,3955.59349,11620.27178,39.927889,116.344022
$GNGGA,3955.59630,11620.27152,39.927936,116.344017
$GNGGA,3955.59935,11620.27125,39.927987,116.344013
$GNGGA,3955.60233,11620.27094,39.928036,116.344008
$GNGGA,3955.60492,11620.27064,39.928080,116.344003
$GNGGA,3955.60710,11620.27040,39.928116,116.343999
$GNGGA,3955.60896,11620.27017,39.928147,116.343995
$GNGGA,3955.61066,11620.26998,39.928175,116.343992
$GNGGA,3955.61261,11620.26974,39.928208,116.343988
$GNGGA,3955.61485,11620.26948,39.928245,116.343983
$GNGGA,3955.61749,11620.26925,39.928289,116.343980
$GNGGA,3955.62060,11620.26910,39.928341,116.343977
$GNGGA,3955.62415,11620.26913,39.928400,116.343978
$GNGGA,3955.62822,11620.26921,39.928468,116.343979
$GNGGA,3955.63265,11620.26931,39.928542,116.343981
$GNGGA,3955.63724,11620.26940,39.928618,116.343982
$GNGGA,3955.64171,11620.26946,39.928693,116.343983
$GNGGA,3955.64612,11620.26947,39.928766,116.343983
$GNGGA,3955.65062,11620.26943,39.928841,116.343983
$GNGGA,3955.65523,11620.26938,39.928918,116.343982
$GNGGA,3955.66012,11620.26936,39.929000,116.343981
$GNGGA,3955.66530,11620.26939,39.929086,116.343982
$GNGGA,3955.67037,11620.26941,39.929170,116.343982
$GNGGA,3955.67505,11620.26955,39.929248,116.343985
$GNGGA,3955.67962,11620.26973,39.929325,116.343988
$GNGGA,3955.68446,11620.27002,39.929405,116.343993
$GNGGA,3955.68967,11620.27070,39.929492,116.344004
$GNGGA,3955.69524,11620.27171,39.929585,116.344021
$GNGGA,3955.70123,11620.27251,39.929685,116.344034
$GNGGA,3955.70759,11620.27287,39.929791,116.344040
$GNGGA,3955.71428,11620.27292,39.929902,116.344041
$GNGGA,3955.72130,11620.27292,39.930019,116.344041
$GNGGA,3955.72861,11620.27301,39.930141,116.344043
$GNGGA,3955.73627,11620.27309,39.930269,116.344044
$GNGGA,3955.74415,11620.27307,39.930400,116.344044
$GNGGA,3955.75204,11620.27305,39.930532,116.344043
$GNGGA,3955.75984,11620.27309,39.930662,116.344044
$GNGGA,3955.76776,11620.27321,39.930794,116.344046
$GNGGA,3955.77575,11620.27340,39.930927,116.344049
$GNGGA,3955.78370,11620.27362,39.931059,116.344053
$GNGGA,3955.79157,11620.27379,39.931191,116.344056
$GNGGA,3955.79929,11620.27390,39.931319,116.344058
$GNGGA,3955.80675,11620.27406,39.931444,116.344060
$GNGGA,3955.81394,11620.27437,39.931564,116.344066
$GNGGA,3955.82091,11620.27474,39.931680,116.344072
$GNGGA,3955.82769,11620.27508,39.931793,116.344077
$GNGGA,3955.83384,11620.27535,39.931895,116.344082
$GNGGA,3955.83930,11620.27537,39.931986,116.344082
$GNGGA,3955.84423,11620.27535,39.932068,116.344082
$GNGGA,3955.84896,11620.27539,39.932147,116.344083
$GNGGA,3955.85369,11620.27554,39.932226,116.344085
$GNGGA,3955.85868,11620.27590,39.932309,116.344091
$GNGGA,3955.86399,11620.27656,39.932398,116.344102
$GNGGA,3955.86959,11620.27731,39.932491,116.344115
$GNGGA,3955.87551,11620.27795,39.932590,116.344125
$GNGGA,3955.88174,11620.27839,39.932694,116.344133
$GNGGA,3955.88830,11620.27864,39.932803,116.344137
$GNGGA,3955.89519,11620.27877,39.932918,116.344139
$GNGGA,3955.90237,11620.27893,39.933038,116.344142
$GNGGA,3955.90978,11620.27901,39.933161,116.344143
$GNGGA,3955.91743,11620.27895,39.933289,116.344142
