$GNGGA,3954.52464,11620.31431,39.910076,116.344730
$GNGGA,3954.53049,11620.31608,39.910173,116.344760
$GNGGA,3954.53619,11620.31772,39.910268,116.344787
$GNGGA,3954.54178,11620.31937,39.910361,116.344815
$GNGGA,3954.54718,11620.32103,39.910451,116.344842
$GNGGA,3954.55220,11620.32262,39.910535,116.344869
$GNGGA,3954.55677,11620.32410,39.910611,116.344894
$GNGGA,3954.56085,11620.32536,39.910679,116.344915
$GNGGA,3954.56431,11620.32646,39.910737,116.344933
$GNGGA,3954.56724,11620.32741,39.910786,116.344949
$GNGGA,3954.56970,11620.32821,39.910827,116.344962
$GNGGA,3954.57180,11620.32893,39.910862,116.344974
$GNGGA,3954.57368,11620.32955,39.910893,116.344985
$GNGGA,3954.57524,11620.33000,39.910919,116.344992
$GNGGA,3954.57631,11620.33029,39.910937,116.344997
$GNGGA,3954.57656,11620.33032,39.910941,116.344998
$GNGGA,3954.57655,11620.33032,39.910941,116.344998
$GNGGA,3954.57658,11620.33033,39.910942,116.344998
$GNGGA,3954.57661,11620.33032,39.910942,116.344998
$GNGGA,3954.57662,11620.33029,39.910942,116.344997
$GNGGA,3954.57661,11620.33024,39.910942,116.344996
$GNGGA,3954.57661,11620.33020,39.910942,116.344996
$GNGGA,3954.57703,11620.33028,39.910949,116.344997
$GNGGA,3954.57773,11620.33048,39.910961,116.345000
$GNGGA,3954.57877,11620.33075,39.910978,116.345005
$GNGGA,3954.57989,11620.33103,39.910997,116.345009
$GNGGA,3954.58089,11620.33128,39.911014,116.345014
$GNGGA,3954.58155,11620.33144,39.911025,116.345016
$GNGGA,3954.58156,11620.33144,39.911025,116.345016
$GNGGA,3954.58156,11620.33143,39.911025,116.345016
$GNGGA,3954.58157,11620.33142,39.911025,116.345016
$GNGGA,3954.58158,11620.33140,39.911025,116.345016
$GNGGA,3954.58160,11620.33138,39.911025,116.345015
$GNGGA,3954.58161,11620.33136,39.911026,116.345015
$GNGGA,3954.58162,11620.33134,39.911026,116.345015
$GNGGA,3954.58164,11620.33132,39.911026,116.345014
$GNGGA,3954.58165,11620.33131,39.911026,116.345014
$GNGGA,3954.58166,11620.33130,39.911026,116.345014
$GNGGA,3954.58166,11620.33131,39.911026,116.345014
$GNGGA,3954.58165,11620.33132,39.911026,116.345014
$GNGGA,3954.58164,11620.33134,39.911026,116.345015
$GNGGA,3954.58163,11620.33136,39.911026,116.345015
$GNGGA,3954.58163,11620.33137,39.911026,116.345015
$GNGGA,3954.58162,11620.33139,39.911026,116.345015
$GNGGA,3954.58161,11620.33142,39.911026,116.345016
$GNGGA,3954.58160,11620.33145,39.911025,116.345016
$GNGGA,3954.58158,11620.33148,39.911025,116.345017
$GNGGA,3954.58156,11620.33149,39.911025,116.345017
$GNGGA,3954.58154,11620.33149,39.911024,116.345017
$GNGGA,3954.58153,11620.33150,39.911024,116.345017
$GNGGA,3954.58152,11620.33151,39.911024,116.345017
$GNGGA,3954.58151,11620.33152,39.911024,116.345018
$GNGGA,3954.58150,11620.33152,39.911024,116.345018
$GNGGA,3954.58149,11620.33152,39.911024,116.345018
$GNGGA,3954.58147,11620.33153,39.911023,116.345018
$GNGGA,3954.58145,11620.33154,39.911023,116.345018
$GNGGA,3954.58145,11620.33155,39.911023,116.345018
$GNGGA,3954.58175,11620.33163,39.911028,116.345019
$GNGGA,3954.58227,11620.33181,39.911037,116.345022
$GNGGA,3954.58295,11620.33201,39.911048,116.345026
$GNGGA,3954.58361,11620.33218,39.911059,116.345029
$GNGGA,3954.58403,11620.33225,39.911066,116.345030
$GNGGA,3954.58404,11620.33223,39.911066,116.345029
$GNGGA,3954.58406,11620.33220,39.911066,116.345029
$GNGGA,3954.58407,11620.33218,39.911067,116.345029
$GNGGA,3954.58409,11620.33217,39.911067,116.345028
$GNGGA,3954.58410,11620.33215,39.911067,116.345028
$GNGGA,3954.58412,11620.33212,39.911067,116.345028
$GNGGA,3954.58413,11620.33209,39.911068,116.345027
$GNGGA,3954.58414,11620.33207,39.911068,116.345027
$GNGGA,3954.58414,11620.33205,39.911068,116.345026
$GNGGA,3954.58459,11620.33213,39.911075,116.345028
$GNGGA,3954.58541,11620.33225,39.911089,116.345030
$GNGGA,3954.58670,11620.33248,39.911110,116.345034
$GNGGA,3954.58856,11620.33283,39.911141,116.345039
$GNGGA,3954.59065,11620.33327,39.911176,116.345047
$GNGGA,3954.59263,11620.33376,39.911209,116.345055
$GNGGA,3954.59480,11620.33429,39.911246,116.345064
$GNGGA,3954.59751,11620.33498,39.911291,116.345075
$GNGGA,3954.60082,11620.33577,39.911346,116.345089
$GNGGA,3954.60471,11620.33666,39.911411,116.345103
$GNGGA,3954.60910,11620.33756,39.911484,116.345119
$GNGGA,3954.61374,11620.33840,39.911561,116.345133
$GNGGA,3954.61835,11620.33918,39.911638,116.345146
$GNGGA,3954.62266,11620.33994,39.911710,116.345158
$GNGGA,3954.62657,11620.34063,39.911775,116.345170
$GNGGA,3954.63002,11620.34119,39.911833,116.345179
$GNGGA,3954.63319,11620.34169,39.911886,116.345188
$GNGGA,3954.63621,11620.34213,39.911936,116.345195
$GNGGA,3954.63887,11620.34251,39.911980,116.345201
$GNGGA,3954.64129,11620.34278,39.912021,116.345206
$GNGGA,3954.64316,11620.34296,39.912052,116.345209
$GNGGA,3954.64463,11620.34311,39.912076,116.345211
$GNGGA,3954.64592,11620.34323,39.912098,116.345213
$GNGGA,3954.64722,11620.34334,39.912120,116.345215
$GNGGA,3954.64844,11620.34347,39.912140,116.345217
$GNGGA,3954.64970,11620.34354,39.912161,116.345218
$GNGGA,3954.65104,11620.34365,39.912183,116.345220
$GNGGA,3954.65230,11620.34377,39.912204,116.345222
$GNGGA,3954.65336,11620.34384,39.912222,116.345224
$GNGGA,3954.65418,11620.34388,39.912236,116.345224
$GNGGA,3954.65450,11620.34388,39.912241,116.345224
$GNGGA,3954.65449,11620.34393,39.912241,116.345225
$GNGGA,3954.65447,11620.34394,39.912240,116.345225
$GNGGA,3954.65447,11620.34394,39.912240,116.345225
$GNGGA,3954.65447,11620.34392,39.912240,116.345225
$GNGGA,3954.65447,11620.34390,39.912240,116.345225
$GNGGA,3954.65448,11620.34389,39.912241,116.345224
$GNGGA,3954.65450,11620.34388,39.912241,116.345224
$GNGGA,3954.65451,11620.34386,39.912241,116.345224
$GNGGA,3954.65452,11620.34386,39.912241,116.345224
$GNGGA,3954.65453,11620.34388,39.912241,116.345224
$GNGGA,3954.65454,11620.34390,39.912242,116.345225
$GNGGA,3954.65456,11620.34390,39.912242,116.345225
$GNGGA,3954.65457,11620.34388,39.912242,116.345224
$GNGGA,3954.65459,11620.34385,39.912242,116.345224
$GNGGA,3954.65460,11620.34383,39.912243,116.345223
$GNGGA,3954.65460,11620.34381,39.912243,116.345223
$GNGGA,3954.65460,11620.34382,39.912243,116.345223
$GNGGA,3954.65459,11620.34383,39.912242,116.345223
$GNGGA,3954.65458,11620.34382,39.912242,116.345223
$GNGGA,3954.65458,11620.34379,39.912242,116.345223
$GNGGA,3954.65457,11620.34377,39.912242,116.345222
$GNGGA,3954.65456,11620.34374,39.912242,116.345222
$GNGGA,3954.65456,11620.34372,39.912242,116.345222
$GNGGA,3954.65455,11620.34370,39.912242,116.345221
$GNGGA,3954.65454,11620.34371,39.912242,116.345221
$GNGGA,3954.65453,11620.34372,39.912241,116.345222
$GNGGA,3954.65451,11620.34373,39.912241,116.345222
$GNGGA,3954.65450,11620.34374,39.912241,116.345222
$GNGGA,3954.65449,11620.34375,39.912241,116.345222
$GNGGA,3954.65449,11620.34374,39.912241,116.345222
$GNGGA,3954.65449,11620.34374,39.912241,116.345222
$GNGGA,3954.65448,11620.34372,39.912241,116.345222
$GNGGA,3954.65448,11620.34371,39.912241,116.345221
$GNGGA,3954.65448,11620.34370,39.912241,116.345221
$GNGGA,3954.65449,11620.34368,39.912241,116.345221
$GNGGA,3954.65449,11620.34367,39.912241,116.345221
$GNGGA,3954.65450,11620.34366,39.912241,116.345221
$GNGGA,3954.65450,11620.34365,39.912241,116.345220
$GNGGA,3954.65449,11620.34364,39.912241,116.345220
$GNGGA,3954.65449,11620.34363,39.912241,116.345220
$GNGGA,3954.65449,11620.34361,39.912241,116.345220
$GNGGA,3954.65448,11620.34360,39.912241,116.345220
$GNGGA,3954.65447,11620.34359,39.912240,116.345219
$GNGGA,3954.65445,11620.34357,39.912240,116.345219
$GNGGA,3954.65444,11620.34356,39.912240,116.345219
$GNGGA,3954.65442,11620.34354,39.912240,116.345218
$GNGGA,3954.65440,11620.34353,39.912239,116.345218
$GNGGA,3954.65439,11620.34352,39.912239,116.345218
$GNGGA,3954.65437,11620.34351,39.912239,116.345218
$GNGGA,3954.65436,11620.34350,39.912239,116.345218
$GNGGA,3954.65434,11620.34349,39.912238,116.345218
$GNGGA,3954.65433,11620.34348,39.912238,116.345217
$GNGGA,3954.65431,11620.34347,39.912238,116.345217
$GNGGA,3954.65430,11620.34346,39.912238,116.345217
$GNGGA,3954.65428,11620.34345,39.912237,116.345217
$GNGGA,3954.65426,11620.34344,39.912237,116.345217
$GNGGA,3954.65424,11620.34343,39.912237,116.345217
$GNGGA,3954.65422,11620.34342,39.912236,116.345216
$GNGGA,3954.65421,11620.34341,39.912236,116.345216
$GNGGA,3954.65420,11620.34340,39.912236,116.345216
$GNGGA,3954.65418,11620.34340,39.912236,116.345216
$GNGGA,3954.65417,11620.34340,39.912235,116.345216
$GNGGA,3954.65415,11620.34340,39.912235,116.345216
$GNGGA,3954.65415,11620.34341,39.912235,116.345216
$GNGGA,3954.65414,11620.34342,39.912235,116.345216
$GNGGA,3954.65413,11620.34343,39.912235,116.345217
$GNGGA,3954.65412,11620.34343,39.912235,116.345217
$GNGGA,3954.65411,11620.34342,39.912234,116.345216
$GNGGA,3954.65411,11620.34341,39.912234,116.345216
$GNGGA,3954.65411,11620.34341,39.912234,116.345216
$GNGGA,3954.65410,11620.34340,39.912234,116.345216
$GNGGA,3954.65409,11620.34338,39.912234,116.345216
$GNGGA,3954.65408,11620.34338,39.912234,116.345216
$GNGGA,3954.65408,11620.34337,39.912234,116.345216
$GNGGA,3954.65408,11620.34337,39.912234,116.345216
$GNGGA,3954.65408,11620.34336,39.912234,116.345215
$GNGGA,3954.65408,11620.34336,39.912234,116.345215
$GNGGA,3954.65407,11620.34336,39.912234,116.345215
$GNGGA,3954.65406,11620.34334,39.912234,116.345215
$GNGGA,3954.65406,11620.34333,39.912234,116.345215
$GNGGA,3954.65404,11620.34331,39.912233,116.345215
$GNGGA,3954.65403,11620.34329,39.912233,116.345214
$GNGGA,3954.65402,11620.34330,39.912233,116.345214
$GNGGA,3954.65402,11620.34329,39.912233,116.345214
$GNGGA,3954.65401,11620.34328,39.912233,116.345214
$GNGGA,3954.65401,11620.34328,39.912233,116.345214
$GNGGA,3954.65453,11620.34332,39.912241,116.345215
$GNGGA,3954.65573,11620.34333,39.912261,116.345215
$GNGGA,3954.65790,11620.34343,39.912298,116.345217
$GNGGA,3954.66073,11620.34363,39.912345,116.345220
$GNGGA,3954.66351,11620.34382,39.912391,116.345223
$GNGGA,3954.66575,11620.34395,39.912428,116.345225
$GNGGA,3954.66734,11620.34408,39.912455,116.345228
$GNGGA,3954.66817,11620.34416,39.912469,116.345229
$GNGGA,3954.66821,11620.34422,39.912469,116.345230
$GNGGA,3954.66826,11620.34426,39.912470,116.345231
$GNGGA,3954.66832,11620.34428,39.912471,116.345231
$GNGGA,3954.66946,11620.34431,39.912490,116.345231
$GNGGA,3954.67163,11620.34451,39.912526,116.345235
$GNGGA,3954.67400,11620.34473,39.912566,116.345238
$GNGGA,3954.67598,11620.34493,39.912599,116.345242
$GNGGA,3954.67759,11620.34508,39.912626,116.345244
$GNGGA,3954.67910,11620.34521,39.912651,116.345246
$GNGGA,3954.68094,11620.34530,39.912682,116.345248
$GNGGA,3954.68338,11620.34544,39.912722,116.345250
$GNGGA,3954.68640,11620.34556,39.912773,116.345252
$GNGGA,3954.68962,11620.34566,39.912826,116.345254
$GNGGA,3954.69230,11620.34572,39.912871,116.345255
$GNGGA,3954.69448,11620.34577,39.912907,116.345256
$GNGGA,3954.69655,11620.34582,39.912942,116.345257
$GNGGA,3954.69849,11620.34588,39.912974,116.345258
$GNGGA,3954.70036,11620.34594,39.913005,116.345259
$GNGGA,3954.70208,11620.34600,39.913034,116.345260
$GNGGA,3954.70365,11620.34608,39.913060,116.345261
$GNGGA,3954.70502,11620.34614,39.913083,116.345262
$GNGGA,3954.70566,11620.34615,39.913094,116.345262
$GNGGA,3954.70572,11620.34616,39.913095,116.345262
$GNGGA,3954.70574,11620.34619,39.913095,116.345263
$GNGGA,3954.70572,11620.34615,39.913095,116.345262
$GNGGA,3954.70571,11620.34612,39.913094,116.345262
$GNGGA,3954.70569,11620.34609,39.913094,116.345261
$GNGGA,3954.70568,11620.34607,39.913094,116.345261
$GNGGA,3954.70567,11620.34605,39.913094,116.345261
$GNGGA,3954.70566,11620.34605,39.913094,116.345261
$GNGGA,3954.70567,11620.34605,39.913094,116.345261
$GNGGA,3954.70568,11620.34605,39.913094,116.345261
$GNGGA,3954.70570,11620.34605,39.913094,116.345261
$GNGGA,3954.70571,11620.34608,39.913094,116.345261
$GNGGA,3954.70572,11620.34611,39.913095,116.345262
$GNGGA,3954.70573,11620.34613,39.913095,116.345262
$GNGGA,3954.70574,11620.34615,39.913095,116.345262
$GNGGA,3954.70575,11620.34614,39.913095,116.345262
$GNGGA,3954.70576,11620.34615,39.913095,116.345262
$GNGGA,3954.70577,11620.34616,39.913095,116.345262
$GNGGA,3954.70579,11620.34618,39.913096,116.345263
$GNGGA,3954.70580,11620.34621,39.913096,116.345263
$GNGGA,3954.70580,11620.34625,39.913096,116.345264
$GNGGA,3954.70581,11620.34628,39.913096,116.345264
$GNGGA,3954.70582,11620.34630,39.913096,116.345265
$GNGGA,3954.70584,11620.34632,39.913097,116.345265
$GNGGA,3954.70586,11620.34634,39.913097,116.345265
$GNGGA,3954.70588,11620.34636,39.913097,116.345266
$GNGGA,3954.70589,11620.34638,39.913097,116.345266
$GNGGA,3954.70589,11620.34640,39.913097,116.345266
$GNGGA,3954.70590,11620.34641,39.913098,116.345267
$GNGGA,3954.70591,11620.34642,39.913098,116.345267
$GNGGA,3954.70592,11620.34642,39.913098,116.345267
$GNGGA,3954.70592,11620.34642,39.913098,116.345267
$GNGGA,3954.70592,11620.34642,39.913098,116.345267
$GNGGA,3954.70592,11620.34643,39.913098,116.345267
$GNGGA,3954.70591,11620.34643,39.913098,116.345267
$GNGGA,3954.70591,11620.34643,39.913098,116.345267
$GNGGA,3954.70589,11620.34641,39.913097,116.345267
$GNGGA,3954.70588,11620.34641,39.913097,116.345267
$GNGGA,3954.70588,11620.34643,39.913097,116.345267
$GNGGA,3954.70588,11620.34645,39.913097,116.345267
$GNGGA,3954.70587,11620.34645,39.913097,116.345267
$GNGGA,3954.70587,11620.34646,39.913097,116.345267
$GNGGA,3954.70586,11620.34647,39.913097,116.345268
$GNGGA,3954.70586,11620.34648,39.913097,116.345268
$GNGGA,3954.70586,11620.34647,39.913097,116.345268
$GNGGA,3954.70585,11620.34647,39.913097,116.345268
$GNGGA,3954.70585,11620.34646,39.913097,116.345267
$GNGGA,3954.70586,11620.34645,39.913097,116.345267
$GNGGA,3954.70586,11620.34645,39.913097,116.345267
$GNGGA,3954.70587,11620.34644,39.913097,116.345267
$GNGGA,3954.70587,11620.34643,39.913097,116.345267
$GNGGA,3954.70587,11620.34643,39.913097,116.345267
$GNGGA,3954.70588,11620.34642,39.913097,116.345267
$GNGGA,3954.70589,11620.34642,39.913098,116.345267
$GNGGA,3954.70590,11620.34641,39.913098,116.345267
$GNGGA,3954.70591,11620.34640,39.913098,116.345266
$GNGGA,3954.70591,11620.34639,39.913098,116.345266
$GNGGA,3954.70592,11620.34639,39.913098,116.345266
$GNGGA,3954.70592,11620.34638,39.913098,116.345266
$GNGGA,3954.70592,11620.34638,39.913098,116.345266
$GNGGA,3954.70592,11620.34638,39.913098,116.345266
$GNGGA,3954.70593,11620.34638,39.913098,116.345266
$GNGGA,3954.70594,11620.34638,39.913098,116.345266
$GNGGA,3954.70595,11620.34639,39.913098,116.345266
$GNGGA,3954.70596,11620.34639,39.913099,116.345266
$GNGGA,3954.70597,11620.34640,39.913099,116.345266
$GNGGA,3954.70599,11620.34640,39.913099,116.345266
$GNGGA,3954.70600,11620.34641,39.913099,116.345267
$GNGGA,3954.70602,11620.34641,39.913100,116.345267
$GNGGA,3954.70603,11620.34640,39.913100,116.345266
$GNGGA,3954.70604,11620.34640,39.913100,116.345266
$GNGGA,3954.70605,11620.34640,39.913100,116.345266
$GNGGA,3954.70606,11620.34639,39.913100,116.345266
$GNGGA,3954.70606,11620.34637,39.913100,116.345266
$GNGGA,3954.70607,11620.34636,39.913100,116.345266
$GNGGA,3954.70607,11620.34635,39.913100,116.345266
$GNGGA,3954.70607,11620.34634,39.913100,116.345265
$GNGGA,3954.70607,11620.34633,39.913100,116.345265
$GNGGA,3954.70607,11620.34633,39.913100,116.345265
$GNGGA,3954.70607,11620.34633,39.913100,116.345265
$GNGGA,3954.70607,11620.34633,39.913100,116.345265
$GNGGA,3954.70608,11620.34632,39.913101,116.345265
$GNGGA,3954.70608,11620.34631,39.913101,116.345265
$GNGGA,3954.70609,11620.34631,39.913101,116.345265
$GNGGA,3954.70609,11620.34630,39.913101,116.345265
$GNGGA,3954.70609,11620.34630,39.913101,116.345265
$GNGGA,3954.70609,11620.34630,39.913101,116.345265
$GNGGA,3954.70609,11620.34631,39.913101,116.345265
$GNGGA,3954.70609,11620.34631,39.913101,116.345265
$GNGGA,3954.70609,11620.34632,39.913101,116.345265
$GNGGA,3954.70609,11620.34632,39.913101,116.345265
$GNGGA,3954.70609,11620.34633,39.913101,116.345265
$GNGGA,3954.70609,11620.34633,39.913101,116.345265
$GNGGA,3954.70608,11620.34633,39.913101,116.345265
$GNGGA,3954.70608,11620.34633,39.913101,116.345265
$GNGGA,3954.70608,11620.34633,39.913101,116.345265
$GNGGA,3954.70608,11620.34633,39.913101,116.345265
$GNGGA,3954.70607,11620.34633,39.913100,116.345265
$GNGGA,3954.70608,11620.34634,39.913101,116.345265
$GNGGA,3954.70607,11620.34634,39.913100,116.345265
$GNGGA,3954.70606,11620.34634,39.913100,116.345265
$GNGGA,3954.70606,11620.34634,39.913100,116.345265
$GNGGA,3954.70605,11620.34634,39.913100,116.345265
$GNGGA,3954.70605,11620.34635,39.913100,116.345266
$GNGGA,3954.70604,11620.34635,39.913100,116.345266
$GNGGA,3954.70649,11620.34635,39.913107,116.345266
$GNGGA,3954.70736,11620.34633,39.913122,116.345265
$GNGGA,3954.70903,11620.34625,39.913150,116.345264
$GNGGA,3954.71141,11620.34622,39.913189,116.345263
$GNGGA,3954.71379,11620.34611,39.913229,116.345262
$GNGGA,3954.71615,11620.34601,39.913268,116.345260
$GNGGA,3954.71902,11620.34591,39.913316,116.345258
$GNGGA,3954.72259,11620.34581,39.913376,116.345257
$GNGGA,3954.72651,11620.34559,39.913441,116.345253
$GNGGA,3954.73036,11620.34534,39.913505,116.345249
$GNGGA,3954.73423,11620.34508,39.913570,116.345244
$GNGGA,3954.73810,11620.34483,39.913634,116.345240
$GNGGA,3954.74165,11620.34459,39.913693,116.345236
$GNGGA,3954.74497,11620.34437,39.913749,116.345233
$GNGGA,3954.74861,11620.34407,39.913809,116.345228
$GNGGA,3954.75280,11620.34366,39.913879,116.345221
$GNGGA,3954.75752,11620.34322,39.913958,116.345213
$GNGGA,3954.76276,11620.34261,39.914045,116.345203
$GNGGA,3954.76858,11620.34171,39.914142,116.345188
$GNGGA,3954.77490,11620.34089,39.914248,116.345174
$GNGGA,3954.78130,11620.34035,39.914354,116.345165
$GNGGA,3954.78759,11620.33995,39.914459,116.345159
$GNGGA,3954.79402,11620.33952,39.914566,116.345152
$GNGGA,3954.80056,11620.33908,39.914675,116.345144
$GNGGA,3954.80699,11620.33860,39.914782,116.345136
$GNGGA,3954.81270,11620.33816,39.914877,116.345129
$GNGGA,3954.81732,11620.33791,39.914954,116.345125
$GNGGA,3954.82115,11620.33772,39.915018,116.345122
$GNGGA,3954.82433,11620.33749,39.915071,116.345118
$GNGGA,3954.82665,11620.33735,39.915110,116.345115
$GNGGA,3954.82813,11620.33732,39.915135,116.345115
$GNGGA,3954.82932,11620.33736,39.915154,116.345116
$GNGGA,3954.83058,11620.33735,39.915175,116.345115
$GNGGA,3954.83211,11620.33721,39.915201,116.345113
$GNGGA,3954.83419,11620.33693,39.915236,116.345108
$GNGGA,3954.83676,11620.33663,39.915278,116.345103
$GNGGA,3954.83991,11620.33641,39.915331,116.345100
$GNGGA,3954.84363,11620.33623,39.915393,116.345097
$GNGGA,3954.84761,11620.33603,39.915459,116.345093
$GNGGA,3954.85139,11620.33584,39.915522,116.345090
$GNGGA,3954.85501,11620.33570,39.915583,116.345088
$GNGGA,3954.85879,11620.33557,39.915646,116.345086
$GNGGA,3954.86304,11620.33529,39.915716,116.345081
$GNGGA,3954.86790,11620.33485,39.915797,116.345074
$GNGGA,3954.87311,11620.33443,39.915884,116.345067
$GNGGA,3954.87878,11620.33408,39.915979,116.345061
$GNGGA,3954.88469,11620.33377,39.916077,116.345056
$GNGGA,3954.89062,11620.33356,39.916176,116.345052
$GNGGA,3954.89643,11620.33338,39.916273,116.345049
$GNGGA,3954.90247,11620.33305,39.916374,116.345044
$GNGGA,3954.90876,11620.33263,39.916478,116.345037
$GNGGA,3954.91530,11620.33247,39.916587,116.345034
$GNGGA,3954.92188,11620.33255,39.916697,116.345035
$GNGGA,3954.92816,11620.33255,39.916802,116.345035
$GNGGA,3954.93399,11620.33266,39.916899,116.345037
$GNGGA,3954.93898,11620.33272,39.916982,116.345038
$GNGGA,3954.94330,11620.33267,39.917054,116.345038
$GNGGA,3954.94682,11620.33255,39.917113,116.345036
$GNGGA,3954.94957,11620.33236,39.917159,116.345032
$GNGGA,3954.95190,11620.33217,39.917197,116.345029
$GNGGA,3954.95393,11620.33195,39.917231,116.345026
$GNGGA,3954.95580,11620.33204,39.917262,116.345027
$GNGGA,3954.95732,11620.33228,39.917288,116.345031
$GNGGA,3954.95782,11620.33213,39.917296,116.345029
$GNGGA,3954.95805,11620.33212,39.917300,116.345028
$GNGGA,3954.95802,11620.33206,39.917299,116.345027
$GNGGA,3954.95801,11620.33199,39.917299,116.345026
$GNGGA,3954.95799,11620.33189,39.917299,116.345025
$GNGGA,3954.95810,11620.33189,39.917301,116.345025
$GNGGA,3954.95784,11620.33156,39.917296,116.345019
$GNGGA,3954.95783,11620.33158,39.917296,116.345019
$GNGGA,3954.95782,11620.33158,39.917296,116.345019
$GNGGA,3954.95781,11620.33158,39.917296,116.345019
$GNGGA,3954.95780,11620.33158,39.917296,116.345019
$GNGGA,3954.95779,11620.33155,39.917296,116.345019
$GNGGA,3954.95778,11620.33148,39.917295,116.345018
$GNGGA,3954.95777,11620.33143,39.917295,116.345017
$GNGGA,3954.95773,11620.33138,39.917295,116.345016
$GNGGA,3954.95769,11620.33132,39.917294,116.345015
$GNGGA,3954.95765,11620.33126,39.917293,116.345014
$GNGGA,3954.95760,11620.33118,39.917292,116.345013
$GNGGA,3954.95758,11620.33113,39.917292,116.345012
$GNGGA,3954.95758,11620.33107,39.917292,116.345011
$GNGGA,3954.95758,11620.33100,39.917292,116.345010
$GNGGA,3954.95759,11620.33092,39.917292,116.345008
$GNGGA,3954.95759,11620.33088,39.917292,116.345008
$GNGGA,3954.95757,11620.33086,39.917292,116.345007
$GNGGA,3954.95757,11620.33082,39.917292,116.345007
$GNGGA,3954.95757,11620.33079,39.917292,116.345006
$GNGGA,3954.95755,11620.33077,39.917292,116.345006
$GNGGA,3954.95754,11620.33076,39.917291,116.345006
$GNGGA,3954.95753,11620.33076,39.917291,116.345006
$GNGGA,3954.95811,11620.33072,39.917301,116.345005
$GNGGA,3954.95943,11620.33064,39.917323,116.345004
$GNGGA,3954.96150,11620.33055,39.917357,116.345002
$GNGGA,3954.96364,11620.33042,39.917393,116.345000
$GNGGA,3954.96616,11620.32997,39.917435,116.344992
$GNGGA,3954.96950,11620.32889,39.917491,116.344974
$GNGGA,3954.97391,11620.32793,39.917564,116.344958
$GNGGA,3954.97875,11620.32751,39.917645,116.344951
$GNGGA,3954.98352,11620.32734,39.917724,116.344949
$GNGGA,3954.98823,11620.32716,39.917803,116.344946
$GNGGA,3954.99329,11620.32694,39.917887,116.344942
$GNGGA,3954.99872,11620.32664,39.917978,116.344937
$GNGGA,3955.00445,11620.32629,39.918073,116.344931
$GNGGA,3955.01028,11620.32592,39.918170,116.344925
$GNGGA,3955.01586,11620.32561,39.918263,116.344920
$GNGGA,3955.02100,11620.32535,39.918349,116.344915
$GNGGA,3955.02583,11620.32508,39.918429,116.344911
$GNGGA,3955.03047,11620.32483,39.918507,116.344907
$GNGGA,3955.03506,11620.32455,39.918583,116.344902
$GNGGA,3955.03992,11620.32411,39.918664,116.344895
$GNGGA,3955.04510,11620.32365,39.918751,116.344887
$GNGGA,3955.05056,11620.32325,39.918842,116.344880
$GNGGA,3955.05626,11620.32288,39.918937,116.344874
$GNGGA,3955.06224,11620.32249,39.919036,116.344868
$GNGGA,3955.06845,11620.32198,39.919140,116.344859
$GNGGA,3955.07496,11620.32147,39.919248,116.344851
$GNGGA,3955.08168,11620.32096,39.919360,116.344842
$GNGGA,3955.08865,11620.32046,39.919476,116.344834
$GNGGA,3955.09580,11620.32000,39.919595,116.344826
$GNGGA,3955.10320,11620.31955,39.919719,116.344819
$GNGGA,3955.11082,11620.31903,39.919846,116.344810
$GNGGA,3955.11863,11620.31845,39.919976,116.344800
$GNGGA,3955.12667,11620.31801,39.920110,116.344793
$GNGGA,3955.13486,11620.31762,39.920246,116.344787
$GNGGA,3955.14322,11620.31715,39.920386,116.344779
$GNGGA,3955.15178,11620.31659,39.920528,116.344769
$GNGGA,3955.16017,11620.31609,39.920668,116.344761
$GNGGA,3955.16809,11620.31581,39.920800,116.344756
$GNGGA,3955.17554,11620.31588,39.920924,116.344758
$GNGGA,3955.18285,11620.31590,39.921046,116.344758
$GNGGA,3955.18973,11620.31569,39.921161,116.344754
$GNGGA,3955.19611,11620.31542,39.921267,116.344750
$GNGGA,3955.20216,11620.31519,39.921368,116.344746
$GNGGA,3955.20798,11620.31499,39.921465,116.344743
$GNGGA,3955.21366,11620.31503,39.921560,116.344743
$GNGGA,3955.21922,11620.31524,39.921652,116.344747
$GNGGA,3955.22467,11620.31531,39.921743,116.344748
$GNGGA,3955.23007,11620.31521,39.921833,116.344746
$GNGGA,3955.23556,11620.31495,39.921925,116.344742
$GNGGA,3955.24129,11620.31467,39.922020,116.344737
$GNGGA,3955.24709,11620.31441,39.922117,116.344733
$GNGGA,3955.25235,11620.31407,39.922205,116.344727
$GNGGA,3955.25671,11620.31399,39.922277,116.344726
$GNGGA,3955.26054,11620.31376,39.922341,116.344722
$GNGGA,3955.26384,11620.31351,39.922396,116.344718
$GNGGA,3955.26656,11620.31329,39.922441,116.344714
$GNGGA,3955.26846,11620.31312,39.922473,116.344712
$GNGGA,3955.26962,11620.31301,39.922492,116.344710
$GNGGA,3955.27035,11620.31295,39.922505,116.344709
$GNGGA,3955.27044,11620.31293,39.922506,116.344708
$GNGGA,3955.27052,11620.31294,39.922507,116.344709
$GNGGA,3955.27057,11620.31296,39.922508,116.344709
$GNGGA,3955.27059,11620.31303,39.922509,116.344710
$GNGGA,3955.27062,11620.31308,39.922509,116.344711
$GNGGA,3955.27064,11620.31313,39.922509,116.344712
$GNGGA,3955.27066,11620.31318,39.922510,116.344713
$GNGGA,3955.27067,11620.31326,39.922510,116.344714
$GNGGA,3955.27068,11620.31332,39.922510,116.344715
$GNGGA,3955.27070,11620.31337,39.922510,116.344716
$GNGGA,3955.27072,11620.31341,39.922511,116.344716
$GNGGA,3955.27073,11620.31345,39.922511,116.344717
$GNGGA,3955.27072,11620.31345,39.922511,116.344717
$GNGGA,3955.27071,11620.31345,39.922511,116.344717
$GNGGA,3955.27069,11620.31347,39.922510,116.344717
$GNGGA,3955.27066,11620.31348,39.922510,116.344718
$GNGGA,3955.27064,11620.31349,39.922509,116.344718
$GNGGA,3955.27062,11620.31351,39.922509,116.344718
$GNGGA,3955.27062,11620.31352,39.922509,116.344718
$GNGGA,3955.27061,11620.31354,39.922509,116.344719
$GNGGA,3955.27060,11620.31355,39.922509,116.344719
$GNGGA,3955.27059,11620.31355,39.922509,116.344719
$GNGGA,3955.27059,11620.31354,39.922509,116.344719
$GNGGA,3955.27058,11620.31351,39.922508,116.344718
$GNGGA,3955.27056,11620.31349,39.922508,116.344718
$GNGGA,3955.27055,11620.31347,39.922508,116.344717
$GNGGA,3955.27055,11620.31345,39.922508,116.344717
$GNGGA,3955.27055,11620.31342,39.922508,116.344717
$GNGGA,3955.27054,11620.31340,39.922508,116.344716
$GNGGA,3955.27054,11620.31337,39.922508,116.344716
$GNGGA,3955.27054,11620.31334,39.922508,116.344715
$GNGGA,3955.27054,11620.31331,39.922508,116.344715
$GNGGA,3955.27054,11620.31328,39.922508,116.344714
$GNGGA,3955.27055,11620.31325,39.922508,116.344714
$GNGGA,3955.27055,11620.31322,39.922508,116.344713
$GNGGA,3955.27055,11620.31320,39.922508,116.344713
$GNGGA,3955.27055,11620.31318,39.922508,116.344713
$GNGGA,3955.27055,11620.31316,39.922508,116.344712
$GNGGA,3955.27055,11620.31314,39.922508,116.344712
$GNGGA,3955.27055,11620.31312,39.922508,116.344712
$GNGGA,3955.27055,11620.31310,39.922508,116.344711
$GNGGA,3955.27055,11620.31308,39.922508,116.344711
$GNGGA,3955.27055,11620.31307,39.922508,116.344711
$GNGGA,3955.27055,11620.31306,39.922508,116.344711
$GNGGA,3955.27055,11620.31305,39.922508,116.344710
$GNGGA,3955.27056,11620.31303,39.922508,116.344710
$GNGGA,3955.27056,11620.31302,39.922508,116.344710
$GNGGA,3955.27057,11620.31300,39.922508,116.344710
$GNGGA,3955.27057,11620.31298,39.922508,116.344709
$GNGGA,3955.27095,11620.31289,39.922515,116.344708
$GNGGA,3955.27187,11620.31284,39.922530,116.344707
$GNGGA,3955.27364,11620.31276,39.922559,116.344706
$GNGGA,3955.27588,11620.31267,39.922597,116.344704
$GNGGA,3955.27819,11620.31256,39.922635,116.344702
$GNGGA,3955.28095,11620.31237,39.922681,116.344699
$GNGGA,3955.28421,11620.31211,39.922736,116.344695
$GNGGA,3955.28789,11620.31187,39.922797,116.344691
$GNGGA,3955.29200,11620.31159,39.922865,116.344686
$GNGGA,3955.29634,11620.31128,39.922938,116.344681
$GNGGA,3955.30054,11620.31081,39.923008,116.344673
$GNGGA,3955.30467,11620.31021,39.923076,116.344663
$GNGGA,3955.30917,11620.30942,39.923151,116.344650
$GNGGA,3955.31396,11620.30849,39.923231,116.344634
$GNGGA,3955.31891,11620.30739,39.923314,116.344616
$GNGGA,3955.32379,11620.30631,39.923395,116.344598
$GNGGA,3955.32839,11620.30539,39.923472,116.344583
$GNGGA,3955.33269,11620.30459,39.923543,116.344569
$GNGGA,3955.33716,11620.30383,39.923618,116.344557
$GNGGA,3955.34203,11620.30305,39.923699,116.344544
$GNGGA,3955.34725,11620.30229,39.923786,116.344531
$GNGGA,3955.35281,11620.30157,39.923879,116.344519
$GNGGA,3955.35864,11620.30085,39.923976,116.344507
$GNGGA,3955.36448,11620.30026,39.924073,116.344497
$GNGGA,3955.37028,11620.29983,39.924170,116.344490
$GNGGA,3955.37596,11620.29930,39.924264,116.344481
$GNGGA,3955.38107,11620.29862,39.924349,116.344470
$GNGGA,3955.38528,11620.29818,39.924420,116.344462
$GNGGA,3955.38914,11620.29830,39.924484,116.344464
$GNGGA,3955.39295,11620.29874,39.924547,116.344472
$GNGGA,3955.39661,11620.29876,39.924608,116.344472
$GNGGA,3955.39969,11620.29840,39.924660,116.344466
$GNGGA,3955.40212,11620.29801,39.924700,116.344460
$GNGGA,3955.40411,11620.29772,39.924733,116.344455
$GNGGA,3955.40608,11620.29746,39.924766,116.344450
$GNGGA,3955.40828,11620.29722,39.924803,116.344446
$GNGGA,3955.41121,11620.29690,39.924852,116.344441
$GNGGA,3955.41485,11620.29646,39.924912,116.344434
$GNGGA,3955.41857,11620.29599,39.924974,116.344426
$GNGGA,3955.42185,11620.29549,39.925029,116.344417
$GNGGA,3955.42478,11620.29502,39.925078,116.344410
$GNGGA,3955.42745,11620.29466,39.925122,116.344404
$GNGGA,3955.43004,11620.29410,39.925166,116.344394
$GNGGA,3955.43290,11620.29300,39.925213,116.344376
$GNGGA,3955.43626,11620.29193,39.925269,116.344358
$GNGGA,3955.44022,11620.29127,39.925335,116.344347
$GNGGA,3955.44488,11620.29085,39.925413,116.344340
$GNGGA,3955.45020,11620.29042,39.925501,116.344333
$GNGGA,3955.45605,11620.28992,39.925599,116.344325
$GNGGA,3955.46191,11620.28934,39.925697,116.344315
$GNGGA,3955.46774,11620.28856,39.925794,116.344302
$GNGGA,3955.47391,11620.28772,39.925897,116.344288
$GNGGA,3955.48036,11620.28685,39.926004,116.344273
$GNGGA,3955.48708,11620.28606,39.926116,116.344260
$GNGGA,3955.49406,11620.28523,39.926232,116.344246
$GNGGA,3955.50124,11620.28435,39.926352,116.344232
$GNGGA,3955.50857,11620.28351,39.926474,116.344218
$GNGGA,3955.51580,11620.28263,39.926595,116.344203
$GNGGA,3955.52293,11620.28184,39.926713,116.344190
$GNGGA,3955.52998,11620.28113,39.926831,116.344178
$GNGGA,3955.53708,11620.28041,39.926949,116.344166
$GNGGA,3955.54414,11620.27964,39.927067,116.344153
$GNGGA,3955.55092,11620.27885,39.927180,116.344140
$GNGGA,3955.55724,11620.27810,39.927285,116.344127
$GNGGA,3955.56272,11620.27738,39.927376,116.344115
$GNGGA,3955.56719,11620.27678,39.927451,116.344105
$GNGGA,3955.57055,11620.27625,39.927507,116.344096
$GNGGA,3955.57290,11620.27588,39.927546,116.344090
$GNGGA,3955.57440,11620.27562,39.927571,116.344086
$GNGGA,3955.57565,11620.27543,39.927592,116.344083
$GNGGA,3955.57665,11620.27528,39.927609,116.344080
$GNGGA,3955.57727,11620.27519,39.927619,116.344079
$GNGGA,3955.57775,11620.27511,39.927627,116.344077
$GNGGA,3955.57817,11620.27505,39.927634,116.344076
$GNGGA,3955.57852,11620.27503,39.927640,116.344076
$GNGGA,3955.57881,11620.27499,39.927645,116.344075
$GNGGA,3955.57928,11620.27489,39.927652,116.344074
$GNGGA,3955.57991,11620.27479,39.927663,116.344072
$GNGGA,3955.58087,11620.27463,39.927679,116.344069
$GNGGA,3955.58222,11620.27445,39.927701,116.344066
$GNGGA,3955.58371,11620.27430,39.927726,116.344064
$GNGGA,3955.58515,11620.27419,39.927750,116.344062
$GNGGA,3955.58703,11620.27405,39.927782,116.344060
$GNGGA,3955.58935,11620.27384,39.927820,116.344056
$GNGGA,3955.59153,11620.27364,39.927857,116.344053
$GNGGA,3955.59328,11620.27347,39.927886,116.344050
$GNGGA,3955.59436,11620.27341,39.927904,116.344049
$GNGGA,3955.59497,11620.27335,39.927914,116.344048
$GNGGA,3955.59545,11620.27330,39.927922,116.344047
$GNGGA,3955.59586,11620.27323,39.927929,116.344046
$GNGGA,3955.59589,11620.27321,39.927929,116.344046
$GNGGA,3955.59591,11620.27321,39.927929,116.344046
$GNGGA,3955.59593,11620.27317,39.927930,116.344045
$GNGGA,3955.59594,11620.27313,39.927930,116.344044
$GNGGA,3955.59596,11620.27310,39.927930,116.344044
$GNGGA,3955.59598,11620.27308,39.927931,116.344043
$GNGGA,3955.59602,11620.27306,39.927931,116.344043
$GNGGA,3955.59657,11620.27292,39.927940,116.344041
$GNGGA,3955.59752,11620.27276,39.927956,116.344038
$GNGGA,3955.59892,11620.27256,39.927980,116.344035
$GNGGA,3955.60095,11620.27226,39.928013,116.344030
$GNGGA,3955.60370,11620.27186,39.928059,116.344023
$GNGGA,3955.60701,11620.27137,39.928114,116.344015
$GNGGA,3955.61080,11620.27083,39.928178,116.344006
$GNGGA,3955.61527,11620.27029,39.928252,116.343997
$GNGGA,3955.61962,11620.27006,39.928325,116.343993
$GNGGA,3955.62314,11620.27016,39.928383,116.343995
$GNGGA,3955.62611,11620.27034,39.928433,116.343998
$GNGGA,3955.62919,11620.27043,39.928484,116.343999
$GNGGA,3955.63284,11620.27047,39.928545,116.344000
$GNGGA,3955.63715,11620.27056,39.928617,116.344001
$GNGGA,3955.64199,11620.27055,39.928697,116.344001
$GNGGA,3955.64734,11620.27056,39.928787,116.344002
$GNGGA,3955.65313,11620.27057,39.928883,116.344002
$GNGGA,3955.65939,11620.27059,39.928987,116.344002
$GNGGA,3955.66597,11620.27066,39.929097,116.344003
$GNGGA,3955.67238,11620.27082,39.929204,116.344006
$GNGGA,3955.67827,11620.27089,39.929302,116.344007
$GNGGA,3955.68365,11620.27090,39.929392,116.344007
$GNGGA,3955.68862,11620.27095,39.929475,116.344008
$GNGGA,3955.69322,11620.27100,39.929551,116.344009
$GNGGA,3955.69774,11620.27108,39.929627,116.344010
$GNGGA,3955.70231,11620.27121,39.929703,116.344012
$GNGGA,3955.70679,11620.27138,39.929778,116.344015
$GNGGA,3955.71087,11620.27154,39.929846,116.344018
$GNGGA,3955.71448,11620.27166,39.929906,116.344020
$GNGGA,3955.71763,11620.27173,39.929958,116.344021
$GNGGA,3955.71992,11620.27185,39.929996,116.344023
$GNGGA,3955.72139,11620.27190,39.930021,116.344024
$GNGGA,3955.72243,11620.27196,39.930038,116.344025
$GNGGA,3955.72306,11620.27201,39.930049,116.344026
$GNGGA,3955.72345,11620.27204,39.930055,116.344026
$GNGGA,3955.72379,11620.27204,39.930061,116.344026
$GNGGA,3955.72386,11620.27204,39.930062,116.344026
$GNGGA,3955.72392,11620.27200,39.930063,116.344026
$GNGGA,3955.72399,11620.27199,39.930064,116.344026
$GNGGA,3955.72553,11620.27198,39.930090,116.344025
$GNGGA,3955.72795,11620.27199,39.930130,116.344026
$GNGGA,3955.73069,11620.27204,39.930176,116.344026
$GNGGA,3955.73304,11620.27207,39.930215,116.344027
$GNGGA,3955.73486,11620.27211,39.930245,116.344028
$GNGGA,3955.73642,11620.27210,39.930271,116.344027
$GNGGA,3955.73800,11620.27205,39.930298,116.344027
$GNGGA,3955.73938,11620.27206,39.930321,116.344027
$GNGGA,3955.74002,11620.27203,39.930331,116.344026
$GNGGA,3955.74006,11620.27200,39.930332,116.344026
$GNGGA,3955.74013,11620.27197,39.930333,116.344025
$GNGGA,3955.74021,11620.27193,39.930335,116.344025
$GNGGA,3955.74099,11620.27178,39.930348,116.344022
$GNGGA,3955.74182,11620.27162,39.930361,116.344019
$GNGGA,3955.74240,11620.27151,39.930371,116.344018
$GNGGA,3955.74285,11620.27144,39.930379,116.344016
$GNGGA,3955.74296,11620.27143,39.930380,116.344016
$GNGGA,3955.74304,11620.27143,39.930382,116.344016
$GNGGA,3955.74306,11620.27141,39.930382,116.344016
$GNGGA,3955.74306,11620.27139,39.930382,116.344016
$GNGGA,3955.74302,11620.27141,39.930381,116.344016
$GNGGA,3955.74299,11620.27144,39.930381,116.344016
$GNGGA,3955.74295,11620.27146,39.930380,116.344017
$GNGGA,3955.74291,11620.27149,39.930380,116.344017
$GNGGA,3955.74289,11620.27152,39.930379,116.344018
$GNGGA,3955.74290,11620.27155,39.930379,116.344018
$GNGGA,3955.74290,11620.27157,39.930379,116.344019
$GNGGA,3955.74290,11620.27160,39.930379,116.344019
$GNGGA,3955.74290,11620.27165,39.930379,116.344020
$GNGGA,3955.74292,11620.27171,39.930380,116.344021
$GNGGA,3955.74295,11620.27175,39.930380,116.344022
$GNGGA,3955.74298,11620.27177,39.930381,116.344022
$GNGGA,3955.74302,11620.27180,39.930381,116.344022
$GNGGA,3955.74305,11620.27185,39.930382,116.344023
$GNGGA,3955.74309,11620.27188,39.930383,116.344024
$GNGGA,3955.74313,11620.27189,39.930383,116.344024
$GNGGA,3955.74317,11620.27188,39.930384,116.344024
$GNGGA,3955.74320,11620.27187,39.930384,116.344024
$GNGGA,3955.74322,11620.27185,39.930385,116.344023
$GNGGA,3955.74325,11620.27184,39.930385,116.344023
$GNGGA,3955.74327,11620.27183,39.930386,116.344023
$GNGGA,3955.74329,11620.27181,39.930386,116.344023
$GNGGA,3955.74330,11620.27180,39.930386,116.344022
$GNGGA,3955.74332,11620.27179,39.930386,116.344022
$GNGGA,3955.74333,11620.27178,39.930387,116.344022
$GNGGA,3955.74334,11620.27177,39.930387,116.344022
$GNGGA,3955.74335,11620.27176,39.930387,116.344022
$GNGGA,3955.74336,11620.27174,39.930387,116.344021
$GNGGA,3955.74336,11620.27172,39.930387,116.344021
$GNGGA,3955.74337,11620.27169,39.930387,116.344021
$GNGGA,3955.74337,11620.27167,39.930387,116.344020
$GNGGA,3955.74338,11620.27165,39.930387,116.344020
$GNGGA,3955.74339,11620.27163,39.930388,116.344020
$GNGGA,3955.74339,11620.27161,39.930388,116.344019
$GNGGA,3955.74340,11620.27159,39.930388,116.344019
$GNGGA,3955.74341,11620.27158,39.930388,116.344019
$GNGGA,3955.74342,11620.27156,39.930388,116.344018
$GNGGA,3955.74343,11620.27156,39.930388,116.344018
$GNGGA,3955.74343,11620.27155,39.930388,116.344018
$GNGGA,3955.74343,11620.27155,39.930388,116.344018
$GNGGA,3955.74343,11620.27154,39.930388,116.344018
$GNGGA,3955.74344,11620.27155,39.930388,116.344018
$GNGGA,3955.74345,11620.27155,39.930389,116.344018
$GNGGA,3955.74345,11620.27156,39.930389,116.344018
$GNGGA,3955.74345,11620.27158,39.930389,116.344019
$GNGGA,3955.74346,11620.27160,39.930389,116.344019
$GNGGA,3955.74347,11620.27162,39.930389,116.344019
$GNGGA,3955.74347,11620.27164,39.930389,116.344020
$GNGGA,3955.74348,11620.27166,39.930389,116.344020
$GNGGA,3955.74349,11620.27167,39.930389,116.344020
$GNGGA,3955.74350,11620.27167,39.930389,116.344020
$GNGGA,3955.74351,11620.27169,39.930390,116.344021
$GNGGA,3955.74352,11620.27171,39.930390,116.344021
$GNGGA,3955.74353,11620.27172,39.930390,116.344021
$GNGGA,3955.74354,11620.27173,39.930390,116.344021
$GNGGA,3955.74355,11620.27175,39.930390,116.344022
$GNGGA,3955.74357,11620.27176,39.930391,116.344022
$GNGGA,3955.74357,11620.27177,39.930391,116.344022
$GNGGA,3955.74358,11620.27177,39.930391,116.344022
$GNGGA,3955.74359,11620.27178,39.930391,116.344022
$GNGGA,3955.74360,11620.27179,39.930391,116.344022
$GNGGA,3955.74361,11620.27179,39.930391,116.344022
$GNGGA,3955.74362,11620.27179,39.930391,116.344022
$GNGGA,3955.74363,11620.27179,39.930392,116.344022
$GNGGA,3955.74364,11620.27179,39.930392,116.344022
$GNGGA,3955.74364,11620.27179,39.930392,116.344022
$GNGGA,3955.74364,11620.27179,39.930392,116.344022
$GNGGA,3955.74364,11620.27179,39.930392,116.344022
$GNGGA,3955.74364,11620.27179,39.930392,116.344022
$GNGGA,3955.74364,11620.27180,39.930392,116.344022
$GNGGA,3955.74365,11620.27180,39.930392,116.344022
$GNGGA,3955.74366,11620.27180,39.930392,116.344022
$GNGGA,3955.74367,11620.27181,39.930392,116.344023
$GNGGA,3955.74367,11620.27182,39.930392,116.344023
$GNGGA,3955.74367,11620.27182,39.930392,116.344023
$GNGGA,3955.74368,11620.27182,39.930392,116.344023
$GNGGA,3955.74368,11620.27183,39.930392,116.344023
$GNGGA,3955.74369,11620.27183,39.930393,116.344023
$GNGGA,3955.74370,11620.27184,39.930393,116.344023
$GNGGA,3955.74370,11620.27184,39.930393,116.344023
$GNGGA,3955.74371,11620.27184,39.930393,116.344023
$GNGGA,3955.74371,11620.27185,39.930393,116.344023
$GNGGA,3955.74371,11620.27185,39.930393,116.344023
$GNGGA,3955.74371,11620.27185,39.930393,116.344023
$GNGGA,3955.74372,11620.27185,39.930393,116.344023
$GNGGA,3955.74372,11620.27186,39.930393,116.344023
$GNGGA,3955.74372,11620.27186,39.930393,116.344023
$GNGGA,3955.74372,11620.27187,39.930393,116.344024
$GNGGA,3955.74373,11620.27188,39.930393,116.344024
$GNGGA,3955.74373,11620.27188,39.930393,116.344024
$GNGGA,3955.74374,11620.27188,39.930393,116.344024
$GNGGA,3955.74374,11620.27188,39.930393,116.344024
$GNGGA,3955.74375,11620.27188,39.930394,116.344024
$GNGGA,3955.74375,11620.27188,39.930394,116.344024
$GNGGA,3955.74376,11620.27188,39.930394,116.344024
$GNGGA,3955.74377,11620.27188,39.930394,116.344024
$GNGGA,3955.74377,11620.27188,39.930394,116.344024
$GNGGA,3955.74378,11620.27187,39.930394,116.344024
$GNGGA,3955.74378,11620.27187,39.930394,116.344024
$GNGGA,3955.74378,11620.27186,39.930394,116.344023
$GNGGA,3955.74379,11620.27185,39.930394,116.344023
$GNGGA,3955.74379,11620.27184,39.930394,116.344023
$GNGGA,3955.74380,11620.27183,39.930394,116.344023
$GNGGA,3955.74380,11620.27183,39.930394,116.344023
$GNGGA,3955.74381,11620.27183,39.930395,116.344023
$GNGGA,3955.74382,11620.27183,39.930395,116.344023
$GNGGA,3955.74382,11620.27183,39.930395,116.344023
$GNGGA,3955.74383,11620.27183,39.930395,116.344023
$GNGGA,3955.74383,11620.27183,39.930395,116.344023
$GNGGA,3955.74383,11620.27183,39.930395,116.344023
$GNGGA,3955.74384,11620.27182,39.930395,116.344023
$GNGGA,3955.74385,11620.27182,39.930395,116.344023
$GNGGA,3955.74385,11620.27181,39.930395,116.344023
$GNGGA,3955.74386,11620.27181,39.930395,116.344023
$GNGGA,3955.74387,11620.27181,39.930396,116.344023
$GNGGA,3955.74388,11620.27182,39.930396,116.344023
$GNGGA,3955.74389,11620.27183,39.930396,116.344023
$GNGGA,3955.74389,11620.27184,39.930396,116.344023
$GNGGA,3955.74390,11620.27184,39.930396,116.344023
$GNGGA,3955.74390,11620.27184,39.930396,116.344023
$GNGGA,3955.74390,11620.27184,39.930396,116.344023
$GNGGA,3955.74391,11620.27184,39.930396,116.344023
$GNGGA,3955.74421,11620.27184,39.930401,116.344023
$GNGGA,3955.74489,11620.27182,39.930413,116.344023
$GNGGA,3955.74629,11620.27178,39.930436,116.344022
$GNGGA,3955.74839,11620.27178,39.930471,116.344022
$GNGGA,3955.75060,11620.27181,39.930508,116.344023
$GNGGA,3955.75301,11620.27192,39.930548,116.344024
$GNGGA,3955.75610,11620.27203,39.930599,116.344026
$GNGGA,3955.75995,11620.27213,39.930664,116.344028
$GNGGA,3955.76455,11620.27225,39.930740,116.344030
$GNGGA,3955.76887,11620.27218,39.930812,116.344029
$GNGGA,3955.77301,11620.27211,39.930881,116.344028
$GNGGA,3955.77695,11620.27203,39.930947,116.344026
$GNGGA,3955.78104,11620.27197,39.931015,116.344025
$GNGGA,3955.78551,11620.27190,39.931090,116.344024
$GNGGA,3955.79044,11620.27188,39.931172,116.344024
$GNGGA,3955.79547,11620.27183,39.931256,116.344023
$GNGGA,3955.80037,11620.27186,39.931337,116.344024
$GNGGA,3955.80528,11620.27198,39.931419,116.344026
$GNGGA,3955.81034,11620.27214,39.931503,116.344028
$GNGGA,3955.81499,11620.27232,39.931581,116.344031
$GNGGA,3955.81869,11620.27249,39.931643,116.344034
$GNGGA,3955.82188,11620.27267,39.931696,116.344037
$GNGGA,3955.82543,11620.27284,39.931755,116.344040
$GNGGA,3955.82921,11620.27303,39.931818,116.344043
$GNGGA,3955.83331,11620.27322,39.931886,116.344046
$GNGGA,3955.83776,11620.27342,39.931961,116.344050
$GNGGA,3955.84214,11620.27354,39.932034,116.344052
$GNGGA,3955.84646,11620.27366,39.932106,116.344054
$GNGGA,3955.85112,11620.27392,39.932183,116.344058
$GNGGA,3955.85612,11620.27428,39.932267,116.344064
$GNGGA,3955.86152,11620.27471,39.932357,116.344071
$GNGGA,3955.86732,11620.27511,39.932453,116.344078
$GNGGA,3955.87348,11620.27545,39.932556,116.344084
$GNGGA,3955.88004,11620.27573,39.932665,116.344088
$GNGGA,3955.88682,11620.27594,39.932778,116.344092
$GNGGA,3955.89355,11620.27608,39.932890,116.344094
