$GNGGA,3954.42662,11620.28073,39.908441,116.344169
$GNGGA,3954.43316,11620.28206,39.908550,116.344191
$GNGGA,3954.43971,11620.28377,39.908659,116.344220
$GNGGA,3954.44610,11620.28570,39.908766,116.344252
$GNGGA,3954.45240,11620.28768,39.908871,116.344285
$GNGGA,3954.45858,11620.28964,39.908974,116.344318
$GNGGA,3954.46474,11620.29157,39.909076,116.344350
$GNGGA,3954.47078,11620.29343,39.909177,116.344381
$GNGGA,3954.47661,11620.29524,39.909274,116.344411
$GNGGA,3954.48230,11620.29705,39.909369,116.344442
$GNGGA,3954.48791,11620.29881,39.909463,116.344471
$GNGGA,3954.49371,11620.30056,39.909560,116.344500
$GNGGA,3954.49964,11620.30238,39.909658,116.344531
$GNGGA,3954.50576,11620.30429,39.909761,116.344563
$GNGGA,3954.51202,11620.30622,39.909865,116.344595
$GNGGA,3954.51845,11620.30820,39.909972,116.344628
$GNGGA,3954.52491,11620.31022,39.910080,116.344662
$GNGGA,3954.53133,11620.31224,39.910187,116.344695
$GNGGA,3954.53766,11620.31418,39.910293,116.344728
$GNGGA,3954.54396,11620.31604,39.910398,116.344759
$GNGGA,3954.55030,11620.31794,39.910503,116.344791
$GNGGA,3954.55662,11620.32007,39.910609,116.344826
$GNGGA,3954.56295,11620.32253,39.910714,116.344867
$GNGGA,3954.56925,11620.32502,39.910819,116.344909
$GNGGA,3954.57549,11620.32717,39.910923,116.344945
$GNGGA,3954.58182,11620.32892,39.911029,116.344974
$GNGGA,3954.58828,11620.33055,39.911137,116.345001
$GNGGA,3954.59485,11620.33214,39.911246,116.345028
$GNGGA,3954.60152,11620.33366,39.911358,116.345053
$GNGGA,3954.60829,11620.33515,39.911470,116.345078
$GNGGA,3954.61512,11620.33661,39.911584,116.345103
$GNGGA,3954.62191,11620.33788,39.911698,116.345124
$GNGGA,3954.62870,11620.33891,39.911811,116.345141
$GNGGA,3954.63559,11620.33980,39.911926,116.345156
$GNGGA,3954.64248,11620.34066,39.912040,116.345170
$GNGGA,3954.64915,11620.34142,39.912152,116.345183
$GNGGA,3954.65565,11620.34206,39.912260,116.345194
$GNGGA,3954.66185,11620.34269,39.912363,116.345204
$GNGGA,3954.66792,11620.34320,39.912465,116.345213
$GNGGA,3954.67411,11620.34359,39.912568,116.345219
$GNGGA,3954.68042,11620.34384,39.912673,116.345224
$GNGGA,3954.68665,11620.34389,39.912777,116.345224
$GNGGA,3954.69248,11620.34385,39.912874,116.345224
$GNGGA,3954.69748,11620.34378,39.912957,116.345223
$GNGGA,3954.70139,11620.34368,39.913022,116.345221
$GNGGA,3954.70435,11620.34363,39.913072,116.345220
$GNGGA,3954.70659,11620.34362,39.913109,116.345220
$GNGGA,3954.70817,11620.34361,39.913135,116.345220
$GNGGA,3954.70907,11620.34360,39.913150,116.345220
$GNGGA,3954.70960,11620.34361,39.913159,116.345220
$GNGGA,3954.71013,11620.34365,39.913168,116.345220
$GNGGA,3954.71016,11620.34364,39.913169,116.345220
$GNGGA,3954.71019,11620.34365,39.913169,116.345220
$GNGGA,3954.71020,11620.34364,39.913169,116.345220
$GNGGA,3954.71021,11620.34360,39.913169,116.345220
$GNGGA,3954.71021,11620.34356,39.913169,116.345219
$GNGGA,3954.71021,11620.34351,39.913169,116.345218
$GNGGA,3954.71021,11620.34347,39.913169,116.345217
$GNGGA,3954.71021,11620.34344,39.913169,116.345217
$GNGGA,3954.71021,11620.34340,39.913169,116.345216
$GNGGA,3954.71021,11620.34337,39.913169,116.345216
$GNGGA,3954.71021,11620.34333,39.913169,116.345215
$GNGGA,3954.71021,11620.34328,39.913169,116.345214
$GNGGA,3954.71021,11620.34324,39.913169,116.345214
$GNGGA,3954.71022,11620.34321,39.913170,116.345213
$GNGGA,3954.71023,11620.34317,39.913170,116.345212
$GNGGA,3954.71023,11620.34314,39.913170,116.345212
$GNGGA,3954.71024,11620.34310,39.913170,116.345211
$GNGGA,3954.71025,11620.34308,39.913170,116.345211
$GNGGA,3954.71025,11620.34305,39.913170,116.345210
$GNGGA,3954.71025,11620.34303,39.913170,116.345210
$GNGGA,3954.71025,11620.34302,39.913170,116.345210
$GNGGA,3954.71026,11620.34302,39.913170,116.345210
$GNGGA,3954.71027,11620.34301,39.913170,116.345210
$GNGGA,3954.71027,11620.34300,39.913170,116.345210
$GNGGA,3954.71028,11620.34299,39.913171,116.345209
$GNGGA,3954.71028,11620.34298,39.913171,116.345209
$GNGGA,3954.71056,11620.34299,39.913175,116.345209
$GNGGA,3954.71119,11620.34293,39.913186,116.345208
$GNGGA,3954.71241,11620.34288,39.913206,116.345208
$GNGGA,3954.71438,11620.34286,39.913239,116.345207
$GNGGA,3954.71718,11620.34287,39.913286,116.345207
$GNGGA,3954.72056,11620.34279,39.913342,116.345206
$GNGGA,3954.72403,11620.34265,39.913400,116.345204
$GNGGA,3954.72755,11620.34250,39.913458,116.345201
$GNGGA,3954.73147,11620.34234,39.913524,116.345199
$GNGGA,3954.73581,11620.34217,39.913596,116.345196
$GNGGA,3954.74054,11620.34197,39.913675,116.345192
$GNGGA,3954.74565,11620.34163,39.913760,116.345187
$GNGGA,3954.75111,11620.34120,39.913851,116.345180
$GNGGA,3954.75678,11620.34084,39.913946,116.345174
$GNGGA,3954.76235,11620.34050,39.914038,116.345168
$GNGGA,3954.76802,11620.34020,39.914133,116.345163
$GNGGA,3954.77390,11620.33975,39.914231,116.345155
$GNGGA,3954.77991,11620.33920,39.914331,116.345146
$GNGGA,3954.78605,11620.33905,39.914433,116.345144
$GNGGA,3954.79220,11620.33909,39.914536,116.345144
$GNGGA,3954.79731,11620.33904,39.914621,116.345144
$GNGGA,3954.80086,11620.33893,39.914680,116.345142
$GNGGA,3954.80349,11620.33879,39.914724,116.345139
$GNGGA,3954.80597,11620.33862,39.914765,116.345137
$GNGGA,3954.80836,11620.33842,39.914805,116.345133
$GNGGA,3954.81071,11620.33825,39.914844,116.345130
$GNGGA,3954.81304,11620.33809,39.914883,116.345128
$GNGGA,3954.81542,11620.33791,39.914923,116.345125
$GNGGA,3954.81815,11620.33772,39.914968,116.345122
$GNGGA,3954.82082,11620.33756,39.915013,116.345119
$GNGGA,3954.82308,11620.33740,39.915050,116.345116
$GNGGA,3954.82504,11620.33725,39.915083,116.345114
$GNGGA,3954.82672,11620.33715,39.915111,116.345112
$GNGGA,3954.82810,11620.33709,39.915134,116.345111
$GNGGA,3954.82933,11620.33700,39.915155,116.345110
$GNGGA,3954.83089,11620.33692,39.915181,116.345108
$GNGGA,3954.83310,11620.33676,39.915217,116.345106
$GNGGA,3954.83587,11620.33656,39.915264,116.345102
$GNGGA,3954.83913,11620.33636,39.915318,116.345099
$GNGGA,3954.84258,11620.33617,39.915375,116.345096
$GNGGA,3954.84601,11620.33596,39.915433,116.345092
$GNGGA,3954.84967,11620.33566,39.915494,116.345087
$GNGGA,3954.85383,11620.33539,39.915563,116.345083
$GNGGA,3954.85835,11620.33508,39.915638,116.345078
$GNGGA,3954.86311,11620.33475,39.915718,116.345072
$GNGGA,3954.86786,11620.33441,39.915797,116.345066
$GNGGA,3954.87266,11620.33412,39.915877,116.345062
$GNGGA,3954.87762,11620.33384,39.915959,116.345057
$GNGGA,3954.88276,11620.33347,39.916045,116.345051
$GNGGA,3954.88801,11620.33307,39.916133,116.345044
$GNGGA,3954.89334,11620.33269,39.916221,116.345038
$GNGGA,3954.89858,11620.33234,39.916309,116.345032
$GNGGA,3954.90365,11620.33208,39.916393,116.345028
$GNGGA,3954.90859,11620.33183,39.916476,116.345023
$GNGGA,3954.91361,11620.33154,39.916559,116.345019
$GNGGA,3954.91896,11620.33118,39.916648,116.345013
$GNGGA,3954.92464,11620.33082,39.916743,116.345007
$GNGGA,3954.93068,11620.33052,39.916844,116.345002
$GNGGA,3954.93687,11620.33024,39.916947,116.344997
$GNGGA,3954.94265,11620.32991,39.917043,116.344991
$GNGGA,3954.94766,11620.32960,39.917127,116.344986
$GNGGA,3954.95209,11620.32925,39.917200,116.344980
$GNGGA,3954.95604,11620.32866,39.917266,116.344971
$GNGGA,3954.95912,11620.32818,39.917318,116.344963
$GNGGA,3954.96173,11620.32776,39.917361,116.344956
$GNGGA,3954.96422,11620.32709,39.917403,116.344944
$GNGGA,3954.96659,11620.32683,39.917442,116.344940
$GNGGA,3954.96857,11620.32694,39.917475,116.344942
$GNGGA,3954.97010,11620.32701,39.917501,116.344943
$GNGGA,3954.97121,11620.32708,39.917519,116.344944
$GNGGA,3954.97182,11620.32705,39.917529,116.344944
$GNGGA,3954.97224,11620.32709,39.917536,116.344944
$GNGGA,3954.97258,11620.32711,39.917542,116.344945
$GNGGA,3954.97263,11620.32713,39.917543,116.344945
$GNGGA,3954.97263,11620.32716,39.917543,116.344946
$GNGGA,3954.97262,11620.32719,39.917543,116.344946
$GNGGA,3954.97261,11620.32723,39.917542,116.344947
$GNGGA,3954.97259,11620.32724,39.917542,116.344947
$GNGGA,3954.97257,11620.32725,39.917542,116.344947
$GNGGA,3954.97255,11620.32724,39.917541,116.344947
$GNGGA,3954.97254,11620.32726,39.917541,116.344947
$GNGGA,3954.97254,11620.32726,39.917541,116.344947
$GNGGA,3954.97254,11620.32729,39.917541,116.344948
$GNGGA,3954.97254,11620.32732,39.917541,116.344948
$GNGGA,3954.97255,11620.32736,39.917541,116.344949
$GNGGA,3954.97256,11620.32738,39.917542,116.344949
$GNGGA,3954.97258,11620.32739,39.917542,116.344949
$GNGGA,3954.97259,11620.32740,39.917542,116.344950
$GNGGA,3954.97259,11620.32741,39.917542,116.344950
$GNGGA,3954.97260,11620.32743,39.917542,116.344950
$GNGGA,3954.97259,11620.32744,39.917542,116.344950
$GNGGA,3954.97258,11620.32744,39.917542,116.344950
$GNGGA,3954.97255,11620.32741,39.917541,116.344950
$GNGGA,3954.97253,11620.32736,39.917541,116.344949
$GNGGA,3954.97278,11620.32729,39.917545,116.344948
$GNGGA,3954.97346,11620.32720,39.917557,116.344946
$GNGGA,3954.97468,11620.32705,39.917577,116.344944
$GNGGA,3954.97651,11620.32693,39.917607,116.344942
$GNGGA,3954.97905,11620.32679,39.917650,116.344939
$GNGGA,3954.98223,11620.32662,39.917703,116.344937
$GNGGA,3954.98588,11620.32636,39.917764,116.344932
$GNGGA,3954.98989,11620.32604,39.917830,116.344927
$GNGGA,3954.99397,11620.32577,39.917898,116.344922
$GNGGA,3954.99795,11620.32551,39.917965,116.344918
$GNGGA,3955.00196,11620.32526,39.918032,116.344914
$GNGGA,3955.00623,11620.32500,39.918103,116.344910
$GNGGA,3955.01076,11620.32483,39.918178,116.344907
$GNGGA,3955.01554,11620.32468,39.918258,116.344904
$GNGGA,3955.02060,11620.32452,39.918342,116.344902
$GNGGA,3955.02592,11620.32432,39.918431,116.344898
$GNGGA,3955.03153,11620.32401,39.918524,116.344893
$GNGGA,3955.03745,11620.32359,39.918623,116.344886
$GNGGA,3955.04372,11620.32313,39.918728,116.344878
$GNGGA,3955.05026,11620.32264,39.918837,116.344870
$GNGGA,3955.05708,11620.32213,39.918950,116.344862
$GNGGA,3955.06416,11620.32162,39.919068,116.344853
$GNGGA,3955.07148,11620.32106,39.919190,116.344844
$GNGGA,3955.07905,11620.32044,39.919316,116.344834
$GNGGA,3955.08682,11620.31981,39.919446,116.344823
$GNGGA,3955.09476,11620.31926,39.919578,116.344814
$GNGGA,3955.10284,11620.31881,39.919713,116.344806
$GNGGA,3955.11106,11620.31833,39.919850,116.344798
$GNGGA,3955.11937,11620.31776,39.919988,116.344789
$GNGGA,3955.12758,11620.31718,39.920125,116.344779
$GNGGA,3955.13568,11620.31663,39.920260,116.344770
$GNGGA,3955.14372,11620.31612,39.920394,116.344761
$GNGGA,3955.15173,11620.31566,39.920528,116.344754
$GNGGA,3955.15965,11620.31519,39.920660,116.344746
$GNGGA,3955.16733,11620.31471,39.920788,116.344738
$GNGGA,3955.17489,11620.31425,39.920913,116.344730
$GNGGA,3955.18218,11620.31394,39.921035,116.344725
$GNGGA,3955.18906,11620.31373,39.921150,116.344722
$GNGGA,3955.19574,11620.31359,39.921261,116.344719
$GNGGA,3955.20253,11620.31340,39.921374,116.344716
$GNGGA,3955.20926,11620.31320,39.921486,116.344713
$GNGGA,3955.21540,11620.31297,39.921589,116.344709
$GNGGA,3955.22079,11620.31273,39.921678,116.344705
$GNGGA,3955.22544,11620.31255,39.921756,116.344702
$GNGGA,3955.22972,11620.31241,39.921827,116.344700
$GNGGA,3955.23417,11620.31224,39.921901,116.344697
$GNGGA,3955.23888,11620.31208,39.921980,116.344694
$GNGGA,3955.24380,11620.31183,39.922062,116.344690
$GNGGA,3955.24890,11620.31154,39.922147,116.344685
$GNGGA,3955.25424,11620.31130,39.922236,116.344681
$GNGGA,3955.25962,11620.31105,39.922326,116.344677
$GNGGA,3955.26451,11620.31084,39.922407,116.344674
$GNGGA,3955.26859,11620.31061,39.922475,116.344670
$GNGGA,3955.27225,11620.31039,39.922536,116.344666
$GNGGA,3955.27583,11620.31019,39.922596,116.344663
$GNGGA,3955.27941,11620.30998,39.922655,116.344659
$GNGGA,3955.28326,11620.30976,39.922720,116.344656
$GNGGA,3955.28746,11620.30950,39.922790,116.344651
$GNGGA,3955.29171,11620.30923,39.922860,116.344647
$GNGGA,3955.29470,11620.30903,39.922910,116.344643
$GNGGA,3955.29600,11620.30896,39.922932,116.344642
$GNGGA,3955.29604,11620.30895,39.922933,116.344642
$GNGGA,3955.29610,11620.30896,39.922934,116.344642
$GNGGA,3955.29616,11620.30895,39.922935,116.344642
$GNGGA,3955.29622,11620.30898,39.922936,116.344643
$GNGGA,3955.29624,11620.30900,39.922936,116.344643
$GNGGA,3955.29623,11620.30902,39.922936,116.344643
$GNGGA,3955.29623,11620.30905,39.922936,116.344644
$GNGGA,3955.29623,11620.30909,39.922936,116.344644
$GNGGA,3955.29622,11620.30911,39.922936,116.344645
$GNGGA,3955.29621,11620.30915,39.922935,116.344645
$GNGGA,3955.29622,11620.30917,39.922936,116.344646
$GNGGA,3955.29622,11620.30918,39.922936,116.344646
$GNGGA,3955.29624,11620.30918,39.922936,116.344646
$GNGGA,3955.29627,11620.30916,39.922936,116.344646
$GNGGA,3955.29632,11620.30915,39.922937,116.344645
$GNGGA,3955.29635,11620.30914,39.922938,116.344645
$GNGGA,3955.29637,11620.30914,39.922938,116.344645
$GNGGA,3955.29639,11620.30915,39.922938,116.344645
$GNGGA,3955.29640,11620.30915,39.922939,116.344645
$GNGGA,3955.29642,11620.30915,39.922939,116.344645
$GNGGA,3955.29643,11620.30915,39.922939,116.344645
$GNGGA,3955.29644,11620.30914,39.922939,116.344645
$GNGGA,3955.29646,11620.30916,39.922940,116.344646
$GNGGA,3955.29648,11620.30918,39.922940,116.344646
$GNGGA,3955.29652,11620.30919,39.922941,116.344646
$GNGGA,3955.29655,11620.30920,39.922941,116.344646
$GNGGA,3955.29658,11620.30921,39.922942,116.344646
$GNGGA,3955.29661,11620.30921,39.922942,116.344646
$GNGGA,3955.29663,11620.30921,39.922942,116.344646
$GNGGA,3955.29665,11620.30922,39.922943,116.344647
$GNGGA,3955.29666,11620.30924,39.922943,116.344647
$GNGGA,3955.29669,11620.30926,39.922943,116.344647
$GNGGA,3955.29671,11620.30926,39.922944,116.344647
$GNGGA,3955.29673,11620.30927,39.922944,116.344647
$GNGGA,3955.29675,11620.30928,39.922944,116.344648
$GNGGA,3955.29676,11620.30930,39.922945,116.344648
$GNGGA,3955.29677,11620.30931,39.922945,116.344648
$GNGGA,3955.29678,11620.30932,39.922945,116.344648
$GNGGA,3955.29678,11620.30932,39.922945,116.344648
$GNGGA,3955.29678,11620.30933,39.922945,116.344648
$GNGGA,3955.29679,11620.30934,39.922945,116.344649
$GNGGA,3955.29680,11620.30936,39.922945,116.344649
$GNGGA,3955.29681,11620.30937,39.922945,116.344649
$GNGGA,3955.29681,11620.30938,39.922945,116.344649
$GNGGA,3955.29682,11620.30940,39.922946,116.344650
$GNGGA,3955.29683,11620.30941,39.922946,116.344650
$GNGGA,3955.29684,11620.30944,39.922946,116.344650
$GNGGA,3955.29685,11620.30946,39.922946,116.344651
$GNGGA,3955.29687,11620.30947,39.922946,116.344651
$GNGGA,3955.29688,11620.30948,39.922947,116.344651
$GNGGA,3955.29689,11620.30950,39.922947,116.344651
$GNGGA,3955.29690,11620.30952,39.922947,116.344652
$GNGGA,3955.29691,11620.30953,39.922947,116.344652
$GNGGA,3955.29693,11620.30955,39.922947,116.344652
$GNGGA,3955.29694,11620.30955,39.922948,116.344652
$GNGGA,3955.29694,11620.30955,39.922948,116.344652
$GNGGA,3955.29695,11620.30955,39.922948,116.344652
$GNGGA,3955.29695,11620.30956,39.922948,116.344652
$GNGGA,3955.29696,11620.30957,39.922948,116.344652
$GNGGA,3955.29698,11620.30958,39.922948,116.344653
$GNGGA,3955.29699,11620.30959,39.922948,116.344653
$GNGGA,3955.29699,11620.30959,39.922948,116.344653
$GNGGA,3955.29699,11620.30959,39.922948,116.344653
$GNGGA,3955.29699,11620.30958,39.922948,116.344653
$GNGGA,3955.29699,11620.30957,39.922948,116.344652
$GNGGA,3955.29698,11620.30956,39.922948,116.344652
$GNGGA,3955.29697,11620.30955,39.922948,116.344652
$GNGGA,3955.29696,11620.30955,39.922948,116.344652
$GNGGA,3955.29695,11620.30955,39.922948,116.344652
$GNGGA,3955.29695,11620.30955,39.922948,116.344652
$GNGGA,3955.29694,11620.30956,39.922948,116.344652
$GNGGA,3955.29694,11620.30956,39.922948,116.344652
$GNGGA,3955.29693,11620.30956,39.922947,116.344652
$GNGGA,3955.29693,11620.30956,39.922947,116.344652
$GNGGA,3955.29692,11620.30957,39.922947,116.344652
$GNGGA,3955.29692,11620.30958,39.922947,116.344653
$GNGGA,3955.29692,11620.30960,39.922947,116.344653
$GNGGA,3955.29692,11620.30961,39.922947,116.344653
$GNGGA,3955.29691,11620.30960,39.922947,116.344653
$GNGGA,3955.29691,11620.30960,39.922947,116.344653
$GNGGA,3955.29690,11620.30958,39.922947,116.344653
$GNGGA,3955.29689,11620.30956,39.922947,116.344652
$GNGGA,3955.29688,11620.30954,39.922947,116.344652
$GNGGA,3955.29687,11620.30953,39.922946,116.344652
$GNGGA,3955.29687,11620.30951,39.922946,116.344651
$GNGGA,3955.29687,11620.30950,39.922946,116.344651
$GNGGA,3955.29686,11620.30950,39.922946,116.344651
$GNGGA,3955.29686,11620.30949,39.922946,116.344651
$GNGGA,3955.29685,11620.30948,39.922946,116.344651
$GNGGA,3955.29684,11620.30947,39.922946,116.344651
$GNGGA,3955.29684,11620.30947,39.922946,116.344651
$GNGGA,3955.29683,11620.30947,39.922946,116.344651
$GNGGA,3955.29683,11620.30946,39.922946,116.344651
$GNGGA,3955.29683,11620.30946,39.922946,116.344651
$GNGGA,3955.29683,11620.30945,39.922946,116.344650
$GNGGA,3955.29723,11620.30940,39.922952,116.344650
$GNGGA,3955.29819,11620.30927,39.922968,116.344647
$GNGGA,3955.29990,11620.30899,39.922997,116.344643
$GNGGA,3955.30250,11620.30857,39.923040,116.344636
$GNGGA,3955.30583,11620.30799,39.923096,116.344626
$GNGGA,3955.30977,11620.30729,39.923161,116.344614
$GNGGA,3955.31407,11620.30650,39.923233,116.344601
$GNGGA,3955.31832,11620.30568,39.923304,116.344587
$GNGGA,3955.32271,11620.30494,39.923377,116.344575
$GNGGA,3955.32730,11620.30424,39.923453,116.344563
$GNGGA,3955.33207,11620.30358,39.923533,116.344552
$GNGGA,3955.33634,11620.30302,39.923604,116.344543
$GNGGA,3955.33994,11620.30254,39.923664,116.344535
$GNGGA,3955.34364,11620.30201,39.923726,116.344526
$GNGGA,3955.34785,11620.30142,39.923796,116.344516
$GNGGA,3955.35259,11620.30079,39.923875,116.344506
$GNGGA,3955.35788,11620.30022,39.923963,116.344496
$GNGGA,3955.36363,11620.29964,39.924059,116.344487
$GNGGA,3955.36959,11620.29906,39.924158,116.344477
$GNGGA,3955.37553,11620.29850,39.924257,116.344468
$GNGGA,3955.38137,11620.29795,39.924354,116.344458
$GNGGA,3955.38717,11620.29741,39.924451,116.344449
$GNGGA,3955.39291,11620.29693,39.924547,116.344441
$GNGGA,3955.39858,11620.29662,39.924641,116.344436
$GNGGA,3955.40401,11620.29647,39.924732,116.344434
$GNGGA,3955.40922,11620.29632,39.924819,116.344431
$GNGGA,3955.41403,11620.29602,39.924899,116.344426
$GNGGA,3955.41838,11620.29565,39.924971,116.344420
$GNGGA,3955.42196,11620.29530,39.925031,116.344414
$GNGGA,3955.42469,11620.29497,39.925076,116.344409
$GNGGA,3955.42667,11620.29468,39.925109,116.344404
$GNGGA,3955.42792,11620.29451,39.925130,116.344401
$GNGGA,3955.42856,11620.29449,39.925141,116.344401
$GNGGA,3955.42897,11620.29448,39.925148,116.344401
$GNGGA,3955.42895,11620.29447,39.925147,116.344400
$GNGGA,3955.42893,11620.29449,39.925147,116.344401
$GNGGA,3955.42893,11620.29452,39.925147,116.344401
$GNGGA,3955.42890,11620.29455,39.925147,116.344402
$GNGGA,3955.42885,11620.29458,39.925146,116.344402
$GNGGA,3955.42880,11620.29461,39.925145,116.344403
$GNGGA,3955.42875,11620.29461,39.925144,116.344403
$GNGGA,3955.42871,11620.29459,39.925143,116.344402
$GNGGA,3955.42868,11620.29456,39.925143,116.344402
$GNGGA,3955.42866,11620.29452,39.925143,116.344401
$GNGGA,3955.42865,11620.29452,39.925142,116.344401
$GNGGA,3955.42865,11620.29450,39.925142,116.344401
$GNGGA,3955.42864,11620.29448,39.925142,116.344401
$GNGGA,3955.42863,11620.29446,39.925142,116.344400
$GNGGA,3955.42863,11620.29445,39.925142,116.344400
$GNGGA,3955.42863,11620.29446,39.925142,116.344400
$GNGGA,3955.42862,11620.29445,39.925142,116.344400
$GNGGA,3955.42862,11620.29442,39.925142,116.344400
$GNGGA,3955.42862,11620.29442,39.925142,116.344400
$GNGGA,3955.42864,11620.29443,39.925142,116.344400
$GNGGA,3955.42866,11620.29444,39.925143,116.344400
$GNGGA,3955.42950,11620.29429,39.925157,116.344397
$GNGGA,3955.43120,11620.29405,39.925185,116.344393
$GNGGA,3955.43351,11620.29369,39.925223,116.344387
$GNGGA,3955.43585,11620.29339,39.925262,116.344382
$GNGGA,3955.43847,11620.29298,39.925306,116.344376
$GNGGA,3955.44164,11620.29251,39.925359,116.344368
$GNGGA,3955.44541,11620.29197,39.925422,116.344359
$GNGGA,3955.44957,11620.29152,39.925491,116.344351
$GNGGA,3955.45370,11620.29107,39.925560,116.344344
$GNGGA,3955.45814,11620.29060,39.925634,116.344336
$GNGGA,3955.46300,11620.29008,39.925715,116.344327
$GNGGA,3955.46820,11620.28945,39.925801,116.344317
$GNGGA,3955.47373,11620.28880,39.925894,116.344306
$GNGGA,3955.47946,11620.28804,39.925989,116.344293
$GNGGA,3955.48533,11620.28729,39.926087,116.344281
$GNGGA,3955.49109,11620.28661,39.926183,116.344269
$GNGGA,3955.49683,11620.28597,39.926278,116.344259
$GNGGA,3955.50281,11620.28535,39.926378,116.344248
$GNGGA,3955.50897,11620.28475,39.926481,116.344238
$GNGGA,3955.51530,11620.28406,39.926586,116.344227
$GNGGA,3955.52158,11620.28331,39.926691,116.344214
$GNGGA,3955.52777,11620.28254,39.926794,116.344201
$GNGGA,3955.53388,11620.28179,39.926896,116.344189
$GNGGA,3955.53997,11620.28106,39.926997,116.344177
$GNGGA,3955.54617,11620.28026,39.927101,116.344163
$GNGGA,3955.55252,11620.27914,39.927206,116.344145
$GNGGA,3955.55882,11620.27781,39.927311,116.344122
$GNGGA,3955.56496,11620.27660,39.927414,116.344102
$GNGGA,3955.57075,11620.27557,39.927510,116.344085
$GNGGA,3955.57596,11620.27481,39.927597,116.344072
$GNGGA,3955.58035,11620.27423,39.927670,116.344063
$GNGGA,3955.58398,11620.27382,39.927731,116.344056
$GNGGA,3955.58700,11620.27350,39.927781,116.344050
$GNGGA,3955.58952,11620.27322,39.927823,116.344046
$GNGGA,3955.59163,11620.27297,39.927858,116.344042
$GNGGA,3955.59338,11620.27276,39.927887,116.344038
$GNGGA,3955.59490,11620.27256,39.927913,116.344035
$GNGGA,3955.59629,11620.27240,39.927936,116.344032
$GNGGA,3955.59729,11620.27229,39.927952,116.344030
$GNGGA,3955.59796,11620.27222,39.927964,116.344029
$GNGGA,3955.59834,11620.27219,39.927970,116.344029
$GNGGA,3955.59839,11620.27222,39.927971,116.344029
$GNGGA,3955.59841,11620.27221,39.927971,116.344029
$GNGGA,3955.59843,11620.27220,39.927971,116.344029
$GNGGA,3955.59845,11620.27220,39.927972,116.344029
$GNGGA,3955.59848,11620.27220,39.927972,116.344029
$GNGGA,3955.59850,11620.27220,39.927973,116.344029
$GNGGA,3955.59852,11620.27221,39.927973,116.344029
$GNGGA,3955.59854,11620.27220,39.927973,116.344029
$GNGGA,3955.59857,11620.27220,39.927974,116.344029
$GNGGA,3955.59859,11620.27219,39.927974,116.344029
$GNGGA,3955.59860,11620.27219,39.927974,116.344029
$GNGGA,3955.59863,11620.27220,39.927975,116.344029
$GNGGA,3955.59865,11620.27220,39.927975,116.344029
$GNGGA,3955.59867,11620.27220,39.927975,116.344029
$GNGGA,3955.59870,11620.27220,39.927976,116.344029
$GNGGA,3955.59872,11620.27223,39.927976,116.344029
$GNGGA,3955.59875,11620.27225,39.927977,116.344030
$GNGGA,3955.59877,11620.27228,39.927977,116.344030
$GNGGA,3955.59879,11620.27230,39.927977,116.344030
$GNGGA,3955.59880,11620.27230,39.927978,116.344030
$GNGGA,3955.59881,11620.27229,39.927978,116.344030
$GNGGA,3955.59881,11620.27228,39.927978,116.344030
$GNGGA,3955.59881,11620.27225,39.927978,116.344030
$GNGGA,3955.59880,11620.27223,39.927978,116.344029
$GNGGA,3955.59881,11620.27221,39.927978,116.344029
$GNGGA,3955.59881,11620.27220,39.927978,116.344029
$GNGGA,3955.59882,11620.27218,39.927978,116.344028
$GNGGA,3955.59883,11620.27218,39.927978,116.344028
$GNGGA,3955.59885,11620.27218,39.927978,116.344028
$GNGGA,3955.59886,11620.27217,39.927979,116.344028
$GNGGA,3955.59888,11620.27217,39.927979,116.344028
$GNGGA,3955.59890,11620.27218,39.927979,116.344028
$GNGGA,3955.59893,11620.27219,39.927980,116.344029
$GNGGA,3955.59934,11620.27217,39.927987,116.344028
$GNGGA,3955.60031,11620.27211,39.928003,116.344027
$GNGGA,3955.60208,11620.27194,39.928032,116.344024
$GNGGA,3955.60401,11620.27179,39.928064,116.344022
$GNGGA,3955.60627,11620.27159,39.928102,116.344019
$GNGGA,3955.60917,11620.27134,39.928150,116.344014
$GNGGA,3955.61259,11620.27111,39.928207,116.344011
$GNGGA,3955.61640,11620.27088,39.928271,116.344007
$GNGGA,3955.62025,11620.27074,39.928335,116.344004
$GNGGA,3955.62422,11620.27065,39.928401,116.344003
$GNGGA,3955.62857,11620.27062,39.928474,116.344002
$GNGGA,3955.63326,11620.27061,39.928552,116.344002
$GNGGA,3955.63822,11620.27058,39.928635,116.344002
$GNGGA,3955.64350,11620.27061,39.928723,116.344002
$GNGGA,3955.64901,11620.27067,39.928814,116.344003
$GNGGA,3955.65474,11620.27074,39.928910,116.344005
$GNGGA,3955.66058,11620.27075,39.929007,116.344005
$GNGGA,3955.66652,11620.27067,39.929106,116.344003
$GNGGA,3955.67256,11620.27059,39.929207,116.344002
$GNGGA,3955.67872,11620.27057,39.929310,116.344002
$GNGGA,3955.68501,11620.27063,39.929414,116.344003
$GNGGA,3955.69139,11620.27069,39.929521,116.344004
$GNGGA,3955.69779,11620.27071,39.929627,116.344004
$GNGGA,3955.70410,11620.27079,39.929733,116.344005
$GNGGA,3955.71040,11620.27091,39.929838,116.344007
$GNGGA,3955.71679,11620.27101,39.929944,116.344009
$GNGGA,3955.72337,11620.27113,39.930054,116.344011
$GNGGA,3955.73012,11620.27124,39.930166,116.344013
$GNGGA,3955.73704,11620.27133,39.930282,116.344015
$GNGGA,3955.74405,11620.27135,39.930399,116.344015
$GNGGA,3955.75118,11620.27144,39.930517,116.344016
$GNGGA,3955.75841,11620.27159,39.930638,116.344019
$GNGGA,3955.76567,11620.27165,39.930759,116.344020
$GNGGA,3955.77291,11620.27165,39.930880,116.344020
$GNGGA,3955.77994,11620.27169,39.930997,116.344021
$GNGGA,3955.78671,11620.27173,39.931110,116.344021
$GNGGA,3955.79330,11620.27179,39.931219,116.344022
$GNGGA,3955.79975,11620.27188,39.931327,116.344024
$GNGGA,3955.80601,11620.27201,39.931431,116.344026
$GNGGA,3955.81183,11620.27214,39.931528,116.344028
$GNGGA,3955.81716,11620.27237,39.931617,116.344032
$GNGGA,3955.82169,11620.27262,39.931693,116.344036
$GNGGA,3955.82526,11620.27287,39.931752,116.344040
$GNGGA,3955.82783,11620.27301,39.931795,116.344043
$GNGGA,3955.82968,11620.27305,39.931826,116.344043
$GNGGA,3955.83085,11620.27307,39.931845,116.344044
$GNGGA,3955.83148,11620.27307,39.931856,116.344044
$GNGGA,3955.83149,11620.27307,39.931856,116.344044
$GNGGA,3955.83151,11620.27307,39.931856,116.344044
$GNGGA,3955.83151,11620.27306,39.931856,116.344044
$GNGGA,3955.83151,11620.27306,39.931856,116.344044
$GNGGA,3955.83152,11620.27306,39.931856,116.344044
$GNGGA,3955.83153,11620.27307,39.931857,116.344044
$GNGGA,3955.83154,11620.27308,39.931857,116.344044
$GNGGA,3955.83155,11620.27310,39.931857,116.344044
$GNGGA,3955.83156,11620.27311,39.931857,116.344044
$GNGGA,3955.83157,11620.27312,39.931857,116.344045
$GNGGA,3955.83158,11620.27312,39.931857,116.344045
$GNGGA,3955.83159,11620.27312,39.931858,116.344045
$GNGGA,3955.83160,11620.27312,39.931858,116.344045
$GNGGA,3955.83159,11620.27312,39.931858,116.344045
$GNGGA,3955.83158,11620.27313,39.931857,116.344045
$GNGGA,3955.83158,11620.27315,39.931857,116.344045
$GNGGA,3955.83157,11620.27317,39.931857,116.344045
$GNGGA,3955.83156,11620.27319,39.931857,116.344046
$GNGGA,3955.83156,11620.27322,39.931857,116.344046
$GNGGA,3955.83157,11620.27324,39.931857,116.344047
$GNGGA,3955.83157,11620.27326,39.931857,116.344047
$GNGGA,3955.83157,11620.27326,39.931857,116.344047
$GNGGA,3955.83157,11620.27326,39.931857,116.344047
$GNGGA,3955.83158,11620.27324,39.931857,116.344047
$GNGGA,3955.83158,11620.27322,39.931857,116.344046
$GNGGA,3955.83158,11620.27320,39.931857,116.344046
$GNGGA,3955.83157,11620.27318,39.931857,116.344046
$GNGGA,3955.83157,11620.27317,39.931857,116.344045
$GNGGA,3955.83157,11620.27317,39.931857,116.344045
$GNGGA,3955.83156,11620.27317,39.931857,116.344045
$GNGGA,3955.83157,11620.27318,39.931857,116.344046
$GNGGA,3955.83157,11620.27320,39.931857,116.344046
$GNGGA,3955.83157,11620.27320,39.931857,116.344046
$GNGGA,3955.83157,11620.27321,39.931857,116.344046
$GNGGA,3955.83158,11620.27322,39.931857,116.344046
$GNGGA,3955.83158,11620.27322,39.931857,116.344046
$GNGGA,3955.83159,11620.27323,39.931858,116.344046
$GNGGA,3955.83160,11620.27324,39.931858,116.344047
$GNGGA,3955.83161,11620.27325,39.931858,116.344047
$GNGGA,3955.83161,11620.27326,39.931858,116.344047
$GNGGA,3955.83199,11620.27331,39.931864,116.344048
$GNGGA,3955.83260,11620.27334,39.931874,116.344048
$GNGGA,3955.83333,11620.27336,39.931887,116.344049
$GNGGA,3955.83400,11620.27337,39.931898,116.344049
$GNGGA,3955.83455,11620.27337,39.931907,116.344049
$GNGGA,3955.83502,11620.27338,39.931915,116.344049
$GNGGA,3955.83540,11620.27338,39.931921,116.344049
$GNGGA,3955.83570,11620.27338,39.931926,116.344049
$GNGGA,3955.83572,11620.27335,39.931926,116.344049
$GNGGA,3955.83573,11620.27335,39.931927,116.344049
$GNGGA,3955.83574,11620.27335,39.931927,116.344049
$GNGGA,3955.83573,11620.27336,39.931927,116.344049
$GNGGA,3955.83572,11620.27336,39.931926,116.344049
$GNGGA,3955.83571,11620.27336,39.931926,116.344049
$GNGGA,3955.83569,11620.27336,39.931926,116.344049
$GNGGA,3955.83568,11620.27336,39.931926,116.344049
$GNGGA,3955.83567,11620.27337,39.931926,116.344049
$GNGGA,3955.83566,11620.27338,39.931925,116.344049
$GNGGA,3955.83565,11620.27338,39.931925,116.344049
$GNGGA,3955.83565,11620.27338,39.931925,116.344049
$GNGGA,3955.83565,11620.27339,39.931925,116.344049
$GNGGA,3955.83566,11620.27341,39.931925,116.344050
$GNGGA,3955.83566,11620.27343,39.931925,116.344050
$GNGGA,3955.83566,11620.27345,39.931925,116.344050
$GNGGA,3955.83566,11620.27345,39.931925,116.344050
$GNGGA,3955.83566,11620.27345,39.931925,116.344050
$GNGGA,3955.83566,11620.27344,39.931925,116.344050
$GNGGA,3955.83566,11620.27343,39.931925,116.344050
$GNGGA,3955.83566,11620.27341,39.931925,116.344050
$GNGGA,3955.83566,11620.27339,39.931925,116.344049
$GNGGA,3955.83566,11620.27338,39.931925,116.344049
$GNGGA,3955.83565,11620.27337,39.931925,116.344049
$GNGGA,3955.83565,11620.27336,39.931925,116.344049
$GNGGA,3955.83565,11620.27334,39.931925,116.344048
$GNGGA,3955.83564,11620.27334,39.931925,116.344048
$GNGGA,3955.83565,11620.27333,39.931925,116.344048
$GNGGA,3955.83566,11620.27332,39.931925,116.344048
$GNGGA,3955.83566,11620.27331,39.931925,116.344048
$GNGGA,3955.83567,11620.27330,39.931926,116.344048
$GNGGA,3955.83567,11620.27329,39.931926,116.344048
$GNGGA,3955.83568,11620.27328,39.931926,116.344047
$GNGGA,3955.83568,11620.27327,39.931926,116.344047
$GNGGA,3955.83591,11620.27327,39.931930,116.344047
$GNGGA,3955.83621,11620.27326,39.931935,116.344047
$GNGGA,3955.83678,11620.27327,39.931944,116.344047
$GNGGA,3955.83786,11620.27330,39.931962,116.344048
$GNGGA,3955.83966,11620.27344,39.931992,116.344050
$GNGGA,3955.84214,11620.27352,39.932034,116.344051
$GNGGA,3955.84520,11620.27358,39.932085,116.344052
$GNGGA,3955.84866,11620.27368,39.932142,116.344054
$GNGGA,3955.85217,11620.27388,39.932201,116.344057
$GNGGA,3955.85590,11620.27413,39.932263,116.344062
$GNGGA,3955.86011,11620.27454,39.932333,116.344068
$GNGGA,3955.86478,11620.27507,39.932411,116.344077
$GNGGA,3955.86987,11620.27567,39.932496,116.344087
$GNGGA,3955.87534,11620.27631,39.932587,116.344098
