$GNGGA,3955.89053,11620.25536,39.932839,116.343748
$GNGGA,3955.89052,11620.25537,39.932839,116.343748
$GNGGA,3955.88999,11620.25540,39.932830,116.343749
$GNGGA,3955.88880,11620.25548,39.932811,116.343750
$GNGGA,3955.88673,11620.25539,39.932776,116.343749
$GNGGA,3955.88441,11620.25535,39.932737,116.343748
$GNGGA,3955.88204,11620.25538,39.932698,116.343748
$GNGGA,3955.87908,11620.25567,39.932649,116.343753
$GNGGA,3955.87558,11620.25631,39.932590,116.343764
$GNGGA,3955.87188,11620.25718,39.932529,116.343778
$GNGGA,3955.86834,11620.25825,39.932470,116.343796
$GNGGA,3955.86492,11620.25935,39.932413,116.343815
$GNGGA,3955.86166,11620.26033,39.932358,116.343831
$GNGGA,3955.85863,11620.26124,39.932308,116.343846
$GNGGA,3955.85605,11620.26203,39.932265,116.343859
$GNGGA,3955.85393,11620.26273,39.932230,116.343871
$GNGGA,3955.85183,11620.26343,39.932195,116.343883
$GNGGA,3955.84960,11620.26406,39.932158,116.343893
$GNGGA,3955.84695,11620.26469,39.932113,116.343904
$GNGGA,3955.84373,11620.26508,39.932060,116.343910
$GNGGA,3955.83988,11620.26524,39.931996,116.343913
$GNGGA,3955.83546,11620.26526,39.931922,116.343913
$GNGGA,3955.83040,11620.26520,39.931838,116.343912
$GNGGA,3955.82536,11620.26510,39.931754,116.343911
$GNGGA,3955.82066,11620.26498,39.931675,116.343909
$GNGGA,3955.81582,11620.26478,39.931595,116.343905
$GNGGA,3955.81054,11620.26468,39.931507,116.343904
$GNGGA,3955.80483,11620.26467,39.931411,116.343903
$GNGGA,3955.79884,11620.26460,39.931312,116.343902
$GNGGA,3955.79276,11620.26460,39.931210,116.343902
$GNGGA,3955.78665,11620.26448,39.931108,116.343900
$GNGGA,3955.78034,11620.26447,39.931003,116.343900
$GNGGA,3955.77450,11620.26446,39.930906,116.343900
$GNGGA,3955.76942,11620.26440,39.930821,116.343899
$GNGGA,3955.76485,11620.26438,39.930745,116.343899
$GNGGA,3955.76067,11620.26439,39.930675,116.343899
$GNGGA,3955.75684,11620.26445,39.930611,116.343900
$GNGGA,3955.75353,11620.26443,39.930556,116.343899
$GNGGA,3955.75071,11620.26440,39.930509,116.343899
$GNGGA,3955.74803,11620.26430,39.930465,116.343897
$GNGGA,3955.74532,11620.26426,39.930419,116.343896
$GNGGA,3955.74248,11620.26419,39.930372,116.343895
$GNGGA,3955.73915,11620.26413,39.930317,116.343894
$GNGGA,3955.73535,11620.26408,39.930253,116.343893
$GNGGA,3955.73143,11620.26402,39.930188,116.343892
$GNGGA,3955.72787,11620.26402,39.930129,116.343892
$GNGGA,3955.72457,11620.26408,39.930074,116.343893
$GNGGA,3955.72146,11620.26408,39.930022,116.343893
$GNGGA,3955.71835,11620.26404,39.929970,116.343893
$GNGGA,3955.71481,11620.26398,39.929911,116.343892
$GNGGA,3955.71082,11620.26388,39.929844,116.343890
$GNGGA,3955.70678,11620.26380,39.929777,116.343889
$GNGGA,3955.70282,11620.26377,39.929711,116.343888
$GNGGA,3955.69872,11620.26370,39.929643,116.343887
$GNGGA,3955.69436,11620.26363,39.929570,116.343886
$GNGGA,3955.69001,11620.26359,39.929498,116.343885
$GNGGA,3955.68591,11620.26352,39.929429,116.343884
$GNGGA,3955.68194,11620.26346,39.929363,116.343883
$GNGGA,3955.67801,11620.26344,39.929298,116.343883
$GNGGA,3955.67391,11620.26340,39.929229,116.343882
$GNGGA,3955.66949,11620.26332,39.929156,116.343881
$GNGGA,3955.66477,11620.26322,39.929077,116.343879
$GNGGA,3955.65984,11620.26322,39.928995,116.343879
$GNGGA,3955.65455,11620.26324,39.928907,116.343879
$GNGGA,3955.64897,11620.26339,39.928814,116.343882
$GNGGA,3955.64290,11620.26375,39.928712,116.343888
$GNGGA,3955.63654,11620.26418,39.928606,116.343895
$GNGGA,3955.62984,11620.26429,39.928495,116.343897
$GNGGA,3955.62302,11620.26420,39.928381,116.343895
$GNGGA,3955.61633,11620.26422,39.928270,116.343896
$GNGGA,3955.60965,11620.26437,39.928158,116.343898
$GNGGA,3955.60272,11620.26463,39.928043,116.343902
$GNGGA,3955.59558,11620.26517,39.927924,116.343911
$GNGGA,3955.58829,11620.26599,39.927802,116.343925
$GNGGA,3955.58075,11620.26688,39.927677,116.343940
$GNGGA,3955.57297,11620.26772,39.927547,116.343954
$GNGGA,3955.56488,11620.26844,39.927412,116.343966
$GNGGA,3955.55651,11620.26887,39.927273,116.343973
$GNGGA,3955.54786,11620.26924,39.927129,116.343979
$GNGGA,3955.53912,11620.26965,39.926983,116.343986
$GNGGA,3955.53046,11620.27029,39.926839,116.343997
$GNGGA,3955.52210,11620.27116,39.926699,116.344011
$GNGGA,3955.51420,11620.27213,39.926568,116.344027
$GNGGA,3955.50686,11620.27299,39.926445,116.344042
$GNGGA,3955.50013,11620.27381,39.926333,116.344055
$GNGGA,3955.49401,11620.27455,39.926231,116.344068
$GNGGA,3955.48871,11620.27521,39.926143,116.344079
$GNGGA,3955.48412,11620.27569,39.926066,116.344087
$GNGGA,3955.48009,11620.27608,39.925999,116.344093
$GNGGA,3955.47685,11620.27648,39.925945,116.344100
$GNGGA,3955.47450,11620.27681,39.925906,116.344106
$GNGGA,3955.47266,11620.27706,39.925875,116.344110
$GNGGA,3955.47108,11620.27721,39.925849,116.344112
$GNGGA,3955.46983,11620.27734,39.925828,116.344114
$GNGGA,3955.46889,11620.27743,39.925813,116.344116
$GNGGA,3955.46809,11620.27752,39.925799,116.344117
$GNGGA,3955.46755,11620.27760,39.925790,116.344119
$GNGGA,3955.46753,11620.27762,39.925790,116.344119
$GNGGA,3955.46752,11620.27765,39.925790,116.344120
$GNGGA,3955.46750,11620.27766,39.925789,116.344120
$GNGGA,3955.46749,11620.27771,39.925789,116.344121
$GNGGA,3955.46748,11620.27775,39.925789,116.344121
$GNGGA,3955.46747,11620.27777,39.925789,116.344122
$GNGGA,3955.46746,11620.27777,39.925789,116.344122
$GNGGA,3955.46746,11620.27779,39.925789,116.344122
$GNGGA,3955.46745,11620.27781,39.925789,116.344122
$GNGGA,3955.46745,11620.27784,39.925789,116.344123
$GNGGA,3955.46745,11620.27789,39.925789,116.344124
$GNGGA,3955.46744,11620.27793,39.925788,116.344124
$GNGGA,3955.46744,11620.27797,39.925788,116.344125
$GNGGA,3955.46744,11620.27801,39.925788,116.344126
$GNGGA,3955.46742,11620.27804,39.925788,116.344126
$GNGGA,3955.46740,11620.27805,39.925788,116.344126
$GNGGA,3955.46740,11620.27806,39.925788,116.344126
$GNGGA,3955.46739,11620.27808,39.925788,116.344127
$GNGGA,3955.46737,11620.27809,39.925787,116.344127
$GNGGA,3955.46736,11620.27810,39.925787,116.344127
$GNGGA,3955.46704,11620.27813,39.925782,116.344128
$GNGGA,3955.46625,11620.27824,39.925769,116.344129
$GNGGA,3955.46480,11620.27843,39.925744,116.344133
$GNGGA,3955.46264,11620.27872,39.925708,116.344137
$GNGGA,3955.45984,11620.27910,39.925662,116.344144
$GNGGA,3955.45654,11620.27948,39.925607,116.344150
$GNGGA,3955.45321,11620.27985,39.925551,116.344156
$GNGGA,3955.44982,11620.28020,39.925495,116.344162
$GNGGA,3955.44600,11620.28061,39.925431,116.344169
$GNGGA,3955.44166,11620.28105,39.925359,116.344176
$GNGGA,3955.43698,11620.28160,39.925281,116.344185
$GNGGA,3955.43222,11620.28212,39.925201,116.344194
$GNGGA,3955.42768,11620.28259,39.925126,116.344202
$GNGGA,3955.42327,11620.28305,39.925052,116.344210
$GNGGA,3955.41900,11620.28354,39.924981,116.344218
$GNGGA,3955.41500,11620.28398,39.924915,116.344225
$GNGGA,3955.41129,11620.28438,39.924853,116.344232
$GNGGA,3955.40787,11620.28480,39.924796,116.344239
$GNGGA,3955.40476,11620.28520,39.924744,116.344246
$GNGGA,3955.40182,11620.28559,39.924695,116.344252
$GNGGA,3955.39897,11620.28592,39.924647,116.344258
$GNGGA,3955.39599,11620.28632,39.924598,116.344264
$GNGGA,3955.39279,11620.28668,39.924544,116.344270
$GNGGA,3955.38928,11620.28707,39.924486,116.344277
$GNGGA,3955.38550,11620.28743,39.924423,116.344283
$GNGGA,3955.38134,11620.28782,39.924354,116.344289
$GNGGA,3955.37686,11620.28830,39.924279,116.344297
$GNGGA,3955.37214,11620.28870,39.924200,116.344304
$GNGGA,3955.36719,11620.28874,39.924118,116.344305
$GNGGA,3955.36198,11620.28849,39.924031,116.344300
$GNGGA,3955.35701,11620.28862,39.923948,116.344303
$GNGGA,3955.35277,11620.28903,39.923877,116.344309
$GNGGA,3955.34934,11620.28944,39.923820,116.344316
$GNGGA,3955.34683,11620.28975,39.923779,116.344321
$GNGGA,3955.34528,11620.28992,39.923753,116.344324
$GNGGA,3955.34427,11620.29003,39.923736,116.344326
$GNGGA,3955.34363,11620.29012,39.923725,116.344328
$GNGGA,3955.34363,11620.29011,39.923725,116.344327
$GNGGA,3955.34363,11620.29007,39.923725,116.344327
$GNGGA,3955.34364,11620.29003,39.923725,116.344326
$GNGGA,3955.34366,11620.29000,39.923726,116.344326
$GNGGA,3955.34367,11620.28995,39.923726,116.344325
$GNGGA,3955.34368,11620.28991,39.923726,116.344324
$GNGGA,3955.34368,11620.28987,39.923726,116.344323
$GNGGA,3955.34367,11620.28986,39.923726,116.344323
$GNGGA,3955.34367,11620.28988,39.923726,116.344324
$GNGGA,3955.34367,11620.28992,39.923726,116.344324
$GNGGA,3955.34367,11620.28994,39.923726,116.344325
$GNGGA,3955.34367,11620.28996,39.923726,116.344325
$GNGGA,3955.34368,11620.28995,39.923726,116.344325
$GNGGA,3955.34369,11620.28996,39.923726,116.344325
$GNGGA,3955.34370,11620.28997,39.923726,116.344325
$GNGGA,3955.34371,11620.28998,39.923727,116.344325
$GNGGA,3955.34372,11620.28998,39.923727,116.344325
$GNGGA,3955.34373,11620.28996,39.923727,116.344325
$GNGGA,3955.34373,11620.28994,39.923727,116.344325
$GNGGA,3955.34374,11620.28994,39.923727,116.344325
$GNGGA,3955.34373,11620.28994,39.923727,116.344325
$GNGGA,3955.34373,11620.28993,39.923727,116.344324
$GNGGA,3955.34372,11620.28992,39.923727,116.344324
$GNGGA,3955.34371,11620.28991,39.923727,116.344324
$GNGGA,3955.34369,11620.28991,39.923726,116.344324
$GNGGA,3955.34367,11620.28993,39.923726,116.344324
$GNGGA,3955.34365,11620.28993,39.923726,116.344324
$GNGGA,3955.34365,11620.28993,39.923726,116.344324
$GNGGA,3955.34364,11620.28992,39.923725,116.344324
$GNGGA,3955.34365,11620.28992,39.923726,116.344324
$GNGGA,3955.34366,11620.28992,39.923726,116.344324
$GNGGA,3955.34368,11620.28991,39.923726,116.344324
$GNGGA,3955.34369,11620.28992,39.923726,116.344324
$GNGGA,3955.34369,11620.28993,39.923726,116.344324
$GNGGA,3955.34368,11620.28995,39.923726,116.344325
$GNGGA,3955.34366,11620.28995,39.923726,116.344325
$GNGGA,3955.34366,11620.28994,39.923726,116.344325
$GNGGA,3955.34366,11620.28993,39.923726,116.344324
$GNGGA,3955.34367,11620.28992,39.923726,116.344324
$GNGGA,3955.34367,11620.28991,39.923726,116.344324
$GNGGA,3955.34367,11620.28991,39.923726,116.344324
$GNGGA,3955.34367,11620.28991,39.923726,116.344324
$GNGGA,3955.34367,11620.28989,39.923726,116.344324
$GNGGA,3955.34367,11620.28988,39.923726,116.344324
$GNGGA,3955.34367,11620.28987,39.923726,116.344323
$GNGGA,3955.34368,11620.28986,39.923726,116.344323
$GNGGA,3955.34369,11620.28986,39.923726,116.344323
$GNGGA,3955.34369,11620.28986,39.923726,116.344323
$GNGGA,3955.34369,11620.28986,39.923726,116.344323
$GNGGA,3955.34370,11620.28986,39.923726,116.344323
$GNGGA,3955.34371,11620.28986,39.923727,116.344323
$GNGGA,3955.34372,11620.28986,39.923727,116.344323
$GNGGA,3955.34373,11620.28985,39.923727,116.344323
$GNGGA,3955.34373,11620.28985,39.923727,116.344323
$GNGGA,3955.34373,11620.28984,39.923727,116.344323
$GNGGA,3955.34373,11620.28983,39.923727,116.344323
$GNGGA,3955.34374,11620.28983,39.923727,116.344323
$GNGGA,3955.34375,11620.28982,39.923727,116.344323
$GNGGA,3955.34376,11620.28982,39.923727,116.344323
$GNGGA,3955.34376,11620.28981,39.923727,116.344322
$GNGGA,3955.34377,11620.28980,39.923728,116.344322
$GNGGA,3955.34377,11620.28978,39.923728,116.344322
$GNGGA,3955.34377,11620.28977,39.923728,116.344322
$GNGGA,3955.34377,11620.28975,39.923728,116.344321
$GNGGA,3955.34376,11620.28975,39.923727,116.344321
$GNGGA,3955.34376,11620.28974,39.923727,116.344321
$GNGGA,3955.34376,11620.28974,39.923727,116.344321
$GNGGA,3955.34375,11620.28974,39.923727,116.344321
$GNGGA,3955.34375,11620.28974,39.923727,116.344321
$GNGGA,3955.34375,11620.28974,39.923727,116.344321
$GNGGA,3955.34376,11620.28974,39.923727,116.344321
$GNGGA,3955.34377,11620.28973,39.923728,116.344321
$GNGGA,3955.34377,11620.28972,39.923728,116.344321
$GNGGA,3955.34377,11620.28972,39.923728,116.344321
$GNGGA,3955.34378,11620.28972,39.923728,116.344321
$GNGGA,3955.34378,11620.28973,39.923728,116.344321
$GNGGA,3955.34378,11620.28973,39.923728,116.344321
$GNGGA,3955.34378,11620.28974,39.923728,116.344321
$GNGGA,3955.34378,11620.28975,39.923728,116.344321
$GNGGA,3955.34378,11620.28975,39.923728,116.344321
$GNGGA,3955.34378,11620.28975,39.923728,116.344321
$GNGGA,3955.34379,11620.28974,39.923728,116.344321
$GNGGA,3955.34379,11620.28973,39.923728,116.344321
$GNGGA,3955.34379,11620.28972,39.923728,116.344321
$GNGGA,3955.34380,11620.28970,39.923728,116.344321
$GNGGA,3955.34381,11620.28968,39.923728,116.344320
$GNGGA,3955.34381,11620.28967,39.923728,116.344320
$GNGGA,3955.34381,11620.28966,39.923728,116.344320
$GNGGA,3955.34382,11620.28965,39.923728,116.344320
$GNGGA,3955.34383,11620.28965,39.923729,116.344320
$GNGGA,3955.34384,11620.28965,39.923729,116.344320
$GNGGA,3955.34385,11620.28965,39.923729,116.344320
$GNGGA,3955.34362,11620.28968,39.923725,116.344320
$GNGGA,3955.34323,11620.28977,39.923719,116.344322
$GNGGA,3955.34234,11620.28989,39.923704,116.344324
$GNGGA,3955.34105,11620.29010,39.923682,116.344327
$GNGGA,3955.33921,11620.29039,39.923652,116.344332
$GNGGA,3955.33670,11620.29081,39.923610,116.344339
$GNGGA,3955.33351,11620.29145,39.923557,116.344350
$GNGGA,3955.32983,11620.29237,39.923495,116.344365
$GNGGA,3955.32594,11620.29339,39.923430,116.344382
$GNGGA,3955.32213,11620.29440,39.923367,116.344399
$GNGGA,3955.31836,11620.29547,39.923304,116.344417
$GNGGA,3955.31476,11620.29655,39.923244,116.344435
$GNGGA,3955.31130,11620.29764,39.923187,116.344453
$GNGGA,3955.30782,11620.29871,39.923129,116.344471
$GNGGA,3955.30422,11620.29974,39.923069,116.344488
$GNGGA,3955.30025,11620.30074,39.923002,116.344505
$GNGGA,3955.29569,11620.30169,39.922927,116.344521
$GNGGA,3955.29053,11620.30233,39.922841,116.344531
$GNGGA,3955.28489,11620.30264,39.922747,116.344537
$GNGGA,3955.27885,11620.30280,39.922646,116.344539
$GNGGA,3955.27278,11620.30293,39.922545,116.344541
$GNGGA,3955.26677,11620.30312,39.922445,116.344545
$GNGGA,3955.26078,11620.30338,39.922345,116.344549
$GNGGA,3955.25487,11620.30369,39.922246,116.344554
$GNGGA,3955.24888,11620.30407,39.922146,116.344560
$GNGGA,3955.24285,11620.30446,39.922046,116.344567
$GNGGA,3955.23712,11620.30479,39.921950,116.344572
$GNGGA,3955.23148,11620.30530,39.921856,116.344581
$GNGGA,3955.22556,11620.30589,39.921758,116.344591
$GNGGA,3955.21929,11620.30619,39.921653,116.344596
$GNGGA,3955.21261,11620.30645,39.921542,116.344600
$GNGGA,3955.20560,11620.30675,39.921425,116.344605
$GNGGA,3955.19822,11620.30713,39.921302,116.344611
$GNGGA,3955.19059,11620.30752,39.921175,116.344618
$GNGGA,3955.18292,11620.30799,39.921047,116.344626
$GNGGA,3955.17550,11620.30844,39.920923,116.344633
$GNGGA,3955.16825,11620.30886,39.920803,116.344640
$GNGGA,3955.16118,11620.30924,39.920685,116.344647
$GNGGA,3955.15427,11620.30967,39.920570,116.344654
$GNGGA,3955.14744,11620.31007,39.920456,116.344660
$GNGGA,3955.14072,11620.31048,39.920344,116.344667
$GNGGA,3955.13442,11620.31080,39.920239,116.344673
$GNGGA,3955.12855,11620.31112,39.920141,116.344678
$GNGGA,3955.12273,11620.31151,39.920044,116.344684
$GNGGA,3955.11700,11620.31188,39.919949,116.344691
$GNGGA,3955.11141,11620.31221,39.919855,116.344696
$GNGGA,3955.10602,11620.31250,39.919766,116.344701
$GNGGA,3955.10074,11620.31277,39.919678,116.344705
$GNGGA,3955.09552,11620.31307,39.919591,116.344710
$GNGGA,3955.09038,11620.31340,39.919505,116.344716
$GNGGA,3955.08533,11620.31374,39.919421,116.344722
$GNGGA,3955.08042,11620.31401,39.919339,116.344726
$GNGGA,3955.07575,11620.31444,39.919261,116.344733
$GNGGA,3955.07124,11620.31536,39.919186,116.344749
$GNGGA,3955.06697,11620.31630,39.919115,116.344764
$GNGGA,3955.06312,11620.31693,39.919051,116.344775
$GNGGA,3955.05997,11620.31720,39.918998,116.344779
$GNGGA,3955.05761,11620.31742,39.918959,116.344783
$GNGGA,3955.05605,11620.31757,39.918933,116.344786
$GNGGA,3955.05521,11620.31764,39.918919,116.344787
$GNGGA,3955.05478,11620.31767,39.918912,116.344787
$GNGGA,3955.05483,11620.31768,39.918913,116.344787
$GNGGA,3955.05485,11620.31772,39.918913,116.344788
$GNGGA,3955.05483,11620.31774,39.918913,116.344788
$GNGGA,3955.05479,11620.31774,39.918912,116.344788
$GNGGA,3955.05476,11620.31772,39.918911,116.344788
$GNGGA,3955.05474,11620.31769,39.918911,116.344788
$GNGGA,3955.05473,11620.31767,39.918911,116.344787
$GNGGA,3955.05470,11620.31765,39.918910,116.344787
$GNGGA,3955.05469,11620.31762,39.918910,116.344786
$GNGGA,3955.05466,11620.31763,39.918910,116.344787
$GNGGA,3955.05464,11620.31763,39.918909,116.344787
$GNGGA,3955.05463,11620.31762,39.918909,116.344786
$GNGGA,3955.05463,11620.31762,39.918909,116.344786
$GNGGA,3955.05463,11620.31761,39.918909,116.344786
$GNGGA,3955.05433,11620.31763,39.918904,116.344787
$GNGGA,3955.05368,11620.31772,39.918893,116.344788
$GNGGA,3955.05283,11620.31781,39.918879,116.344790
$GNGGA,3955.05224,11620.31787,39.918869,116.344791
$GNGGA,3955.05176,11620.31792,39.918861,116.344791
$GNGGA,3955.05099,11620.31800,39.918849,116.344793
$GNGGA,3955.04974,11620.31811,39.918828,116.344795
$GNGGA,3955.04784,11620.31824,39.918796,116.344797
$GNGGA,3955.04620,11620.31832,39.918769,116.344798
$GNGGA,3955.04563,11620.31838,39.918759,116.344799
$GNGGA,3955.04528,11620.31847,39.918753,116.344801
$GNGGA,3955.04444,11620.31858,39.918739,116.344802
$GNGGA,3955.04342,11620.31864,39.918722,116.344803
$GNGGA,3955.04251,11620.31867,39.918707,116.344804
$GNGGA,3955.04136,11620.31866,39.918688,116.344804
$GNGGA,3955.04018,11620.31861,39.918668,116.344803
$GNGGA,3955.03934,11620.31857,39.918654,116.344802
$GNGGA,3955.03853,11620.31847,39.918641,116.344801
$GNGGA,3955.03742,11620.31839,39.918622,116.344799
$GNGGA,3955.03562,11620.31850,39.918592,116.344801
$GNGGA,3955.03304,11620.31883,39.918549,116.344807
$GNGGA,3955.02976,11620.31921,39.918495,116.344813
$GNGGA,3955.02580,11620.31961,39.918429,116.344820
$GNGGA,3955.02155,11620.31993,39.918358,116.344825
$GNGGA,3955.01737,11620.32012,39.918288,116.344828
$GNGGA,3955.01276,11620.32036,39.918211,116.344832
$GNGGA,3955.00762,11620.32066,39.918126,116.344837
$GNGGA,3955.00215,11620.32112,39.918035,116.344845
$GNGGA,3954.99635,11620.32162,39.917938,116.344853
$GNGGA,3954.99020,11620.32210,39.917835,116.344861
$GNGGA,3954.98373,11620.32259,39.917728,116.344869
$GNGGA,3954.97728,11620.32310,39.917620,116.344878
$GNGGA,3954.97087,11620.32359,39.917513,116.344886
$GNGGA,3954.96420,11620.32408,39.917402,116.344894
$GNGGA,3954.95727,11620.32456,39.917287,116.344902
$GNGGA,3954.95013,11620.32504,39.917168,116.344910
$GNGGA,3954.94278,11620.32550,39.917045,116.344918
$GNGGA,3954.93519,11620.32595,39.916919,116.344925
$GNGGA,3954.92745,11620.32642,39.916790,116.344933
$GNGGA,3954.91981,11620.32692,39.916662,116.344941
$GNGGA,3954.91232,11620.32736,39.916538,116.344949
$GNGGA,3954.90496,11620.32778,39.916415,116.344956
$GNGGA,3954.89784,11620.32820,39.916296,116.344963
$GNGGA,3954.89113,11620.32860,39.916184,116.344969
$GNGGA,3954.88466,11620.32902,39.916077,116.344976
$GNGGA,3954.87875,11620.32940,39.915978,116.344983
$GNGGA,3954.87356,11620.32970,39.915892,116.344988
$GNGGA,3954.86905,11620.32986,39.915816,116.344990
$GNGGA,3954.86476,11620.33008,39.915745,116.344994
$GNGGA,3954.86058,11620.33035,39.915675,116.344999
$GNGGA,3954.85708,11620.33058,39.915617,116.345002
$GNGGA,3954.85481,11620.33074,39.915579,116.345005
$GNGGA,3954.85361,11620.33078,39.915559,116.345006
$GNGGA,3954.85293,11620.33078,39.915548,116.345006
$GNGGA,3954.85288,11620.33083,39.915547,116.345007
$GNGGA,3954.85281,11620.33086,39.915546,116.345007
$GNGGA,3954.85191,11620.33038,39.915531,116.344999
$GNGGA,3954.85025,11620.32996,39.915503,116.344992
$GNGGA,3954.84750,11620.32978,39.915457,116.344989
$GNGGA,3954.84382,11620.32988,39.915396,116.344991
$GNGGA,3954.83959,11620.33022,39.915325,116.344996
$GNGGA,3954.83533,11620.33067,39.915254,116.345004
$GNGGA,3954.83097,11620.33104,39.915182,116.345010
$GNGGA,3954.82624,11620.33133,39.915103,116.345015
$GNGGA,3954.82097,11620.33150,39.915015,116.345018
$GNGGA,3954.81533,11620.33128,39.914921,116.345014
$GNGGA,3954.80975,11620.33100,39.914828,116.345009
$GNGGA,3954.80502,11620.33093,39.914749,116.345008
$GNGGA,3954.80097,11620.33095,39.914682,116.345009
$GNGGA,3954.79760,11620.33101,39.914626,116.345009
$GNGGA,3954.79481,11620.33121,39.914579,116.345013
$GNGGA,3954.79244,11620.33137,39.914540,116.345015
$GNGGA,3954.79084,11620.33153,39.914513,116.345018
$GNGGA,3954.79013,11620.33156,39.914501,116.345019
$GNGGA,3954.78978,11620.33161,39.914495,116.345020
$GNGGA,3954.78977,11620.33161,39.914495,116.345020
$GNGGA,3954.78978,11620.33159,39.914495,116.345019
$GNGGA,3954.78973,11620.33156,39.914494,116.345019
$GNGGA,3954.78971,11620.33151,39.914494,116.345018
$GNGGA,3954.78968,11620.33145,39.914494,116.345017
$GNGGA,3954.78966,11620.33142,39.914493,116.345016
$GNGGA,3954.78964,11620.33140,39.914493,116.345016
$GNGGA,3954.78961,11620.33139,39.914492,116.345016
$GNGGA,3954.78959,11620.33139,39.914492,116.345016
$GNGGA,3954.78957,11620.33141,39.914492,116.345016
$GNGGA,3954.78954,11620.33141,39.914491,116.345016
$GNGGA,3954.78952,11620.33139,39.914491,116.345016
$GNGGA,3954.78950,11620.33133,39.914491,116.345015
$GNGGA,3954.78928,11620.33133,39.914487,116.345015
$GNGGA,3954.78906,11620.33129,39.914483,116.345014
$GNGGA,3954.78871,11620.33129,39.914477,116.345014
$GNGGA,3954.78804,11620.33130,39.914466,116.345014
$GNGGA,3954.78691,11620.33135,39.914447,116.345015
$GNGGA,3954.78514,11620.33145,39.914418,116.345017
$GNGGA,3954.78278,11620.33155,39.914379,116.345018
$GNGGA,3954.78000,11620.33167,39.914332,116.345020
$GNGGA,3954.77730,11620.33178,39.914287,116.345022
$GNGGA,3954.77466,11620.33191,39.914243,116.345024
$GNGGA,3954.77190,11620.33205,39.914197,116.345027
$GNGGA,3954.76878,11620.33227,39.914145,116.345030
$GNGGA,3954.76526,11620.33256,39.914087,116.345035
$GNGGA,3954.76133,11620.33294,39.914021,116.345042
$GNGGA,3954.75698,11620.33338,39.913949,116.345049
$GNGGA,3954.75216,11620.33396,39.913868,116.345059
$GNGGA,3954.74736,11620.33467,39.913788,116.345071
$GNGGA,3954.74287,11620.33531,39.913714,116.345081
$GNGGA,3954.73838,11620.33594,39.913639,116.345092
$GNGGA,3954.73368,11620.33652,39.913560,116.345101
$GNGGA,3954.72863,11620.33715,39.913476,116.345112
$GNGGA,3954.72325,11620.33771,39.913387,116.345121
$GNGGA,3954.71756,11620.33809,39.913292,116.345128
$GNGGA,3954.71166,11620.33830,39.913193,116.345131
$GNGGA,3954.70542,11620.33868,39.913089,116.345137
$GNGGA,3954.69897,11620.33923,39.912982,116.345147
$GNGGA,3954.69220,11620.33969,39.912869,116.345154
$GNGGA,3954.68525,11620.33980,39.912753,116.345156
$GNGGA,3954.67800,11620.33958,39.912632,116.345152
$GNGGA,3954.67050,11620.33918,39.912507,116.345146
$GNGGA,3954.66277,11620.33871,39.912379,116.345138
$GNGGA,3954.65484,11620.33810,39.912246,116.345128
$GNGGA,3954.64665,11620.33734,39.912110,116.345115
$GNGGA,3954.63843,11620.33638,39.911973,116.345099
$GNGGA,3954.63037,11620.33511,39.911838,116.345078
$GNGGA,3954.62224,11620.33370,39.911703,116.345054
$GNGGA,3954.61410,11620.33220,39.911567,116.345029
$GNGGA,3954.60591,11620.33052,39.911431,116.345001
$GNGGA,3954.59757,11620.32879,39.911292,116.344972
$GNGGA,3954.58916,11620.32690,39.911151,116.344940
$GNGGA,3954.58065,11620.32474,39.911009,116.344904
$GNGGA,3954.57211,11620.32243,39.910867,116.344866
$GNGGA,3954.56356,11620.31996,39.910724,116.344824
$GNGGA,3954.55483,11620.31738,39.910579,116.344781
$GNGGA,3954.54597,11620.31469,39.910431,116.344736
$GNGGA,3954.53696,11620.31187,39.910281,116.344689
$GNGGA,3954.52787,11620.30899,39.910129,116.344641
$GNGGA,3954.51900,11620.30620,39.909981,116.344594
$GNGGA,3954.51050,11620.30354,39.909840,116.344550
