$GNGGA,3956.05911,11620.25996,39.935649,116.343825
$GNGGA,3956.05363,11620.26074,39.935558,116.343838
$GNGGA,3956.04808,11620.26127,39.935466,116.343847
$GNGGA,3956.04219,11620.26154,39.935367,116.343852
$GNGGA,3956.03596,11620.26163,39.935264,116.343853
$GNGGA,3956.02944,11620.26162,39.935155,116.343853
$GNGGA,3956.02267,11620.26151,39.935042,116.343851
$GNGGA,3956.01567,11620.26143,39.934925,116.343850
$GNGGA,3956.00842,11620.26151,39.934805,116.343851
$GNGGA,3956.00088,11620.26170,39.934679,116.343854
$GNGGA,3955.99328,11620.26170,39.934552,116.343854
$GNGGA,3955.98556,11620.26142,39.934424,116.343850
$GNGGA,3955.97789,11620.26101,39.934296,116.343843
$GNGGA,3955.97052,11620.26064,39.934173,116.343836
$GNGGA,3955.96372,11620.26048,39.934060,116.343834
$GNGGA,3955.95763,11620.26040,39.933958,116.343832
$GNGGA,3955.95218,11620.26030,39.933867,116.343831
$GNGGA,3955.94706,11620.26025,39.933782,116.343830
$GNGGA,3955.94225,11620.26015,39.933702,116.343828
$GNGGA,3955.93803,11620.26009,39.933631,116.343827
$GNGGA,3955.93443,11620.26003,39.933571,116.343826
$GNGGA,3955.93138,11620.25999,39.933520,116.343826
$GNGGA,3955.92897,11620.25999,39.933480,116.343826
$GNGGA,3955.92722,11620.25997,39.933451,116.343825
$GNGGA,3955.92629,11620.25996,39.933436,116.343825
$GNGGA,3955.92623,11620.25997,39.933435,116.343825
$GNGGA,3955.92620,11620.25995,39.933434,116.343825
$GNGGA,3955.92617,11620.25994,39.933434,116.343825
$GNGGA,3955.92615,11620.25994,39.933433,116.343825
$GNGGA,3955.92614,11620.25994,39.933433,116.343825
$GNGGA,3955.92613,11620.25995,39.933433,116.343825
$GNGGA,3955.92611,11620.25999,39.933433,116.343826
$GNGGA,3955.92609,11620.26005,39.933432,116.343827
$GNGGA,3955.92609,11620.26008,39.933432,116.343827
$GNGGA,3955.92609,11620.26010,39.933432,116.343827
$GNGGA,3955.92608,11620.26011,39.933432,116.343828
$GNGGA,3955.92607,11620.26010,39.933432,116.343827
$GNGGA,3955.92604,11620.26008,39.933431,116.343827
$GNGGA,3955.92602,11620.26005,39.933431,116.343827
$GNGGA,3955.92601,11620.26002,39.933431,116.343826
$GNGGA,3955.92601,11620.25998,39.933431,116.343825
$GNGGA,3955.92601,11620.25997,39.933431,116.343825
$GNGGA,3955.92601,11620.25996,39.933431,116.343825
$GNGGA,3955.92601,11620.25997,39.933431,116.343825
$GNGGA,3955.92601,11620.25998,39.933431,116.343825
$GNGGA,3955.92600,11620.25999,39.933431,116.343826
$GNGGA,3955.92565,11620.25997,39.933425,116.343825
$GNGGA,3955.92514,11620.25996,39.933416,116.343825
$GNGGA,3955.92456,11620.25997,39.933407,116.343825
$GNGGA,3955.92404,11620.25996,39.933398,116.343825
$GNGGA,3955.92399,11620.25995,39.933397,116.343825
$GNGGA,3955.92394,11620.25997,39.933396,116.343825
$GNGGA,3955.92392,11620.25997,39.933396,116.343825
$GNGGA,3955.92344,11620.25996,39.933388,116.343825
$GNGGA,3955.92268,11620.25992,39.933375,116.343824
$GNGGA,3955.92132,11620.25984,39.933353,116.343823
$GNGGA,3955.91933,11620.25980,39.933320,116.343822
$GNGGA,3955.91721,11620.25971,39.933284,116.343821
$GNGGA,3955.91503,11620.25961,39.933248,116.343819
$GNGGA,3955.91245,11620.25954,39.933205,116.343818
$GNGGA,3955.90945,11620.25951,39.933155,116.343817
$GNGGA,3955.90611,11620.25949,39.933099,116.343817
$GNGGA,3955.90245,11620.25945,39.933038,116.343816
$GNGGA,3955.89877,11620.25931,39.932977,116.343814
$GNGGA,3955.89506,11620.25908,39.932915,116.343810
$GNGGA,3955.89113,11620.25892,39.932850,116.343808
$GNGGA,3955.88711,11620.25889,39.932783,116.343807
$GNGGA,3955.88312,11620.25905,39.932716,116.343810
$GNGGA,3955.87929,11620.25954,39.932652,116.343818
$GNGGA,3955.87586,11620.26026,39.932595,116.343830
$GNGGA,3955.87277,11620.26100,39.932544,116.343842
$GNGGA,3955.86999,11620.26169,39.932497,116.343854
$GNGGA,3955.86753,11620.26220,39.932456,116.343862
$GNGGA,3955.86537,11620.26250,39.932420,116.343867
$GNGGA,3955.86352,11620.26271,39.932390,116.343871
$GNGGA,3955.86186,11620.26293,39.932362,116.343875
$GNGGA,3955.86043,11620.26310,39.932338,116.343877
$GNGGA,3955.85915,11620.26323,39.932317,116.343880
$GNGGA,3955.85790,11620.26338,39.932296,116.343882
$GNGGA,3955.85671,11620.26352,39.932276,116.343884
$GNGGA,3955.85564,11620.26365,39.932258,116.343887
$GNGGA,3955.85457,11620.26375,39.932240,116.343888
$GNGGA,3955.85339,11620.26385,39.932221,116.343890
$GNGGA,3955.85210,11620.26392,39.932199,116.343891
$GNGGA,3955.85064,11620.26401,39.932175,116.343893
$GNGGA,3955.84897,11620.26413,39.932147,116.343895
$GNGGA,3955.84712,11620.26427,39.932116,116.343897
$GNGGA,3955.84515,11620.26433,39.932083,116.343898
$GNGGA,3955.84294,11620.26429,39.932047,116.343897
$GNGGA,3955.84033,11620.26422,39.932003,116.343896
$GNGGA,3955.83724,11620.26415,39.931952,116.343895
$GNGGA,3955.83378,11620.26413,39.931894,116.343894
$GNGGA,3955.83013,11620.26432,39.931833,116.343898
$GNGGA,3955.82653,11620.26460,39.931773,116.343902
$GNGGA,3955.82302,11620.26479,39.931715,116.343905
$GNGGA,3955.81955,11620.26501,39.931657,116.343909
$GNGGA,3955.81609,11620.26515,39.931599,116.343911
$GNGGA,3955.81251,11620.26512,39.931539,116.343911
$GNGGA,3955.80872,11620.26503,39.931476,116.343909
$GNGGA,3955.80489,11620.26496,39.931412,116.343908
$GNGGA,3955.80116,11620.26491,39.931350,116.343907
$GNGGA,3955.79750,11620.26490,39.931289,116.343907
$GNGGA,3955.79372,11620.26492,39.931226,116.343908
$GNGGA,3955.78965,11620.26490,39.931158,116.343907
$GNGGA,3955.78525,11620.26489,39.931085,116.343907
$GNGGA,3955.78083,11620.26478,39.931011,116.343905
$GNGGA,3955.77663,11620.26471,39.930941,116.343904
$GNGGA,3955.77259,11620.26464,39.930874,116.343903
$GNGGA,3955.76862,11620.26456,39.930808,116.343902
$GNGGA,3955.76457,11620.26454,39.930740,116.343901
$GNGGA,3955.76046,11620.26451,39.930672,116.343901
$GNGGA,3955.75635,11620.26442,39.930603,116.343899
$GNGGA,3955.75228,11620.26434,39.930535,116.343898
$GNGGA,3955.74820,11620.26431,39.930467,116.343897
$GNGGA,3955.74421,11620.26428,39.930401,116.343897
$GNGGA,3955.74044,11620.26425,39.930338,116.343896
$GNGGA,3955.73693,11620.26423,39.930280,116.343896
$GNGGA,3955.73358,11620.26421,39.930224,116.343896
$GNGGA,3955.73072,11620.26424,39.930176,116.343896
$GNGGA,3955.72897,11620.26422,39.930147,116.343896
$GNGGA,3955.72814,11620.26422,39.930133,116.343896
$GNGGA,3955.72770,11620.26423,39.930126,116.343896
$GNGGA,3955.72727,11620.26423,39.930119,116.343896
$GNGGA,3955.72702,11620.26422,39.930114,116.343896
$GNGGA,3955.72705,11620.26419,39.930115,116.343895
$GNGGA,3955.72707,11620.26415,39.930115,116.343895
$GNGGA,3955.72711,11620.26410,39.930116,116.343894
$GNGGA,3955.72715,11620.26405,39.930117,116.343893
$GNGGA,3955.72719,11620.26402,39.930117,116.343892
$GNGGA,3955.72724,11620.26400,39.930118,116.343892
$GNGGA,3955.72729,11620.26398,39.930119,116.343892
$GNGGA,3955.72735,11620.26396,39.930120,116.343891
$GNGGA,3955.72691,11620.26392,39.930113,116.343891
$GNGGA,3955.72636,11620.26392,39.930103,116.343891
$GNGGA,3955.72575,11620.26394,39.930093,116.343891
$GNGGA,3955.72491,11620.26409,39.930079,116.343894
$GNGGA,3955.72364,11620.26463,39.930058,116.343903
$GNGGA,3955.72180,11620.26547,39.930028,116.343917
$GNGGA,3955.71924,11620.26598,39.929985,116.343925
$GNGGA,3955.71587,11620.26609,39.929929,116.343927
$GNGGA,3955.71184,11620.26602,39.929862,116.343926
$GNGGA,3955.70725,11620.26596,39.929785,116.343925
$GNGGA,3955.70231,11620.26583,39.929703,116.343923
$GNGGA,3955.69740,11620.26567,39.929621,116.343920
$GNGGA,3955.69250,11620.26552,39.929539,116.343917
$GNGGA,3955.68744,11620.26539,39.929455,116.343915
$GNGGA,3955.68227,11620.26535,39.929369,116.343915
$GNGGA,3955.67717,11620.26533,39.929284,116.343914
$GNGGA,3955.67241,11620.26528,39.929204,116.343913
$GNGGA,3955.66799,11620.26521,39.929131,116.343912
$GNGGA,3955.66372,11620.26510,39.929059,116.343910
$GNGGA,3955.65954,11620.26498,39.928990,116.343908
$GNGGA,3955.65541,11620.26474,39.928921,116.343904
$GNGGA,3955.65124,11620.26447,39.928851,116.343900
$GNGGA,3955.64739,11620.26434,39.928787,116.343898
$GNGGA,3955.64436,11620.26429,39.928737,116.343897
$GNGGA,3955.64219,11620.26433,39.928701,116.343897
$GNGGA,3955.64067,11620.26436,39.928675,116.343898
$GNGGA,3955.63982,11620.26434,39.928661,116.343898
$GNGGA,3955.63978,11620.26432,39.928660,116.343897
$GNGGA,3955.63974,11620.26429,39.928660,116.343897
$GNGGA,3955.63970,11620.26429,39.928659,116.343897
$GNGGA,3955.63968,11620.26428,39.928659,116.343897
$GNGGA,3955.63966,11620.26427,39.928658,116.343896
$GNGGA,3955.63963,11620.26427,39.928658,116.343896
$GNGGA,3955.63960,11620.26427,39.928657,116.343896
$GNGGA,3955.63957,11620.26427,39.928657,116.343896
$GNGGA,3955.63954,11620.26426,39.928656,116.343896
$GNGGA,3955.63951,11620.26426,39.928656,116.343896
$GNGGA,3955.63949,11620.26427,39.928656,116.343896
$GNGGA,3955.63948,11620.26426,39.928655,116.343896
$GNGGA,3955.63946,11620.26425,39.928655,116.343896
$GNGGA,3955.63943,11620.26424,39.928655,116.343896
$GNGGA,3955.63940,11620.26424,39.928654,116.343896
$GNGGA,3955.63937,11620.26423,39.928654,116.343896
$GNGGA,3955.63934,11620.26421,39.928653,116.343895
$GNGGA,3955.63931,11620.26419,39.928653,116.343895
$GNGGA,3955.63928,11620.26417,39.928652,116.343895
$GNGGA,3955.63925,11620.26414,39.928652,116.343894
$GNGGA,3955.63922,11620.26410,39.928651,116.343894
$GNGGA,3955.63919,11620.26409,39.928651,116.343893
$GNGGA,3955.63917,11620.26408,39.928650,116.343893
$GNGGA,3955.63916,11620.26407,39.928650,116.343893
$GNGGA,3955.63915,11620.26407,39.928650,116.343893
$GNGGA,3955.63914,11620.26405,39.928650,116.343893
$GNGGA,3955.63914,11620.26405,39.928650,116.343893
$GNGGA,3955.63914,11620.26404,39.928650,116.343893
$GNGGA,3955.63914,11620.26404,39.928650,116.343893
$GNGGA,3955.63914,11620.26403,39.928650,116.343892
$GNGGA,3955.63914,11620.26403,39.928650,116.343892
$GNGGA,3955.63914,11620.26403,39.928650,116.343892
$GNGGA,3955.63914,11620.26402,39.928650,116.343892
$GNGGA,3955.63914,11620.26402,39.928650,116.343892
$GNGGA,3955.63913,11620.26400,39.928650,116.343892
$GNGGA,3955.63912,11620.26398,39.928649,116.343892
$GNGGA,3955.63911,11620.26398,39.928649,116.343892
$GNGGA,3955.63909,11620.26398,39.928649,116.343892
$GNGGA,3955.63908,11620.26399,39.928649,116.343892
$GNGGA,3955.63906,11620.26400,39.928648,116.343892
$GNGGA,3955.63905,11620.26401,39.928648,116.343892
$GNGGA,3955.63904,11620.26401,39.928648,116.343892
$GNGGA,3955.63902,11620.26402,39.928648,116.343892
$GNGGA,3955.63902,11620.26402,39.928648,116.343892
$GNGGA,3955.63901,11620.26402,39.928648,116.343892
$GNGGA,3955.63901,11620.26404,39.928648,116.343893
$GNGGA,3955.63857,11620.26401,39.928640,116.343892
$GNGGA,3955.63761,11620.26404,39.928624,116.343893
$GNGGA,3955.63604,11620.26406,39.928598,116.343893
$GNGGA,3955.63374,11620.26407,39.928560,116.343893
$GNGGA,3955.63074,11620.26408,39.928510,116.343893
$GNGGA,3955.62713,11620.26412,39.928450,116.343894
$GNGGA,3955.62296,11620.26412,39.928380,116.343894
$GNGGA,3955.61873,11620.26411,39.928310,116.343894
$GNGGA,3955.61554,11620.26409,39.928256,116.343893
$GNGGA,3955.61321,11620.26413,39.928218,116.343894
$GNGGA,3955.61096,11620.26416,39.928180,116.343895
$GNGGA,3955.60843,11620.26416,39.928138,116.343895
$GNGGA,3955.60547,11620.26428,39.928089,116.343897
$GNGGA,3955.60206,11620.26455,39.928032,116.343901
$GNGGA,3955.59824,11620.26498,39.927968,116.343908
$GNGGA,3955.59400,11620.26547,39.927897,116.343916
$GNGGA,3955.58935,11620.26604,39.927820,116.343926
$GNGGA,3955.58433,11620.26666,39.927736,116.343936
$GNGGA,3955.57900,11620.26731,39.927647,116.343947
$GNGGA,3955.57366,11620.26798,39.927558,116.343958
$GNGGA,3955.56828,11620.26869,39.927469,116.343970
$GNGGA,3955.56271,11620.26943,39.927376,116.343982
$GNGGA,3955.55687,11620.27014,39.927279,116.343994
$GNGGA,3955.55080,11620.27080,39.927178,116.344005
$GNGGA,3955.54458,11620.27150,39.927074,116.344017
$GNGGA,3955.53840,11620.27226,39.926971,116.344030
$GNGGA,3955.53230,11620.27296,39.926869,116.344041
$GNGGA,3955.52615,11620.27355,39.926767,116.344051
$GNGGA,3955.51981,11620.27416,39.926661,116.344061
$GNGGA,3955.51324,11620.27492,39.926552,116.344074
$GNGGA,3955.50641,11620.27580,39.926438,116.344089
$GNGGA,3955.49939,11620.27656,39.926321,116.344101
$GNGGA,3955.49222,11620.27729,39.926201,116.344114
$GNGGA,3955.48479,11620.27817,39.926078,116.344128
$GNGGA,3955.47725,11620.27912,39.925952,116.344144
$GNGGA,3955.46976,11620.27999,39.925827,116.344159
$GNGGA,3955.46242,11620.28082,39.925705,116.344173
$GNGGA,3955.45518,11620.28166,39.925584,116.344187
$GNGGA,3955.44815,11620.28241,39.925467,116.344199
$GNGGA,3955.44125,11620.28298,39.925352,116.344209
$GNGGA,3955.43445,11620.28338,39.925239,116.344215
$GNGGA,3955.42774,11620.28370,39.925127,116.344221
$GNGGA,3955.42133,11620.28392,39.925020,116.344224
$GNGGA,3955.41520,11620.28398,39.924918,116.344225
$GNGGA,3955.40922,11620.28386,39.924818,116.344223
$GNGGA,3955.40350,11620.28385,39.924723,116.344223
$GNGGA,3955.39816,11620.28401,39.924634,116.344226
$GNGGA,3955.39310,11620.28427,39.924550,116.344230
$GNGGA,3955.38880,11620.28447,39.924478,116.344233
$GNGGA,3955.38513,11620.28439,39.924417,116.344232
$GNGGA,3955.38175,11620.28409,39.924360,116.344227
$GNGGA,3955.37878,11620.28392,39.924311,116.344224
$GNGGA,3955.37634,11620.28386,39.924270,116.344223
$GNGGA,3955.37457,11620.28388,39.924241,116.344223
$GNGGA,3955.37381,11620.28390,39.924228,116.344224
$GNGGA,3955.37381,11620.28391,39.924228,116.344224
$GNGGA,3955.37381,11620.28393,39.924228,116.344224
$GNGGA,3955.37380,11620.28395,39.924228,116.344225
$GNGGA,3955.37380,11620.28398,39.924228,116.344225
$GNGGA,3955.37379,11620.28400,39.924228,116.344225
$GNGGA,3955.37378,11620.28403,39.924228,116.344226
$GNGGA,3955.37376,11620.28405,39.924227,116.344226
$GNGGA,3955.37374,11620.28405,39.924227,116.344226
$GNGGA,3955.37373,11620.28405,39.924227,116.344226
$GNGGA,3955.37371,11620.28403,39.924226,116.344226
$GNGGA,3955.37370,11620.28401,39.924226,116.344226
$GNGGA,3955.37369,11620.28400,39.924226,116.344225
$GNGGA,3955.37368,11620.28400,39.924226,116.344225
$GNGGA,3955.37367,11620.28401,39.924226,116.344226
$GNGGA,3955.37367,11620.28402,39.924226,116.344226
$GNGGA,3955.37367,11620.28406,39.924226,116.344226
$GNGGA,3955.37368,11620.28406,39.924226,116.344226
$GNGGA,3955.37369,11620.28407,39.924226,116.344227
$GNGGA,3955.37370,11620.28407,39.924226,116.344227
$GNGGA,3955.37371,11620.28409,39.924226,116.344227
$GNGGA,3955.37371,11620.28410,39.924226,116.344227
$GNGGA,3955.37371,11620.28410,39.924226,116.344227
$GNGGA,3955.37372,11620.28411,39.924227,116.344227
$GNGGA,3955.37372,11620.28411,39.924227,116.344227
$GNGGA,3955.37372,11620.28412,39.924227,116.344227
$GNGGA,3955.37372,11620.28411,39.924227,116.344227
$GNGGA,3955.37372,11620.28410,39.924227,116.344227
$GNGGA,3955.37372,11620.28409,39.924227,116.344227
$GNGGA,3955.37372,11620.28408,39.924227,116.344227
$GNGGA,3955.37372,11620.28408,39.924227,116.344227
$GNGGA,3955.37372,11620.28407,39.924227,116.344227
$GNGGA,3955.37372,11620.28407,39.924227,116.344227
$GNGGA,3955.37371,11620.28407,39.924226,116.344227
$GNGGA,3955.37371,11620.28406,39.924226,116.344226
$GNGGA,3955.37369,11620.28406,39.924226,116.344226
$GNGGA,3955.37368,11620.28406,39.924226,116.344226
$GNGGA,3955.37366,11620.28407,39.924226,116.344227
$GNGGA,3955.37364,11620.28407,39.924225,116.344227
$GNGGA,3955.37362,11620.28407,39.924225,116.344227
$GNGGA,3955.37359,11620.28407,39.924224,116.344227
$GNGGA,3955.37358,11620.28407,39.924224,116.344227
$GNGGA,3955.37356,11620.28406,39.924224,116.344226
$GNGGA,3955.37354,11620.28405,39.924224,116.344226
$GNGGA,3955.37353,11620.28404,39.924223,116.344226
$GNGGA,3955.37352,11620.28405,39.924223,116.344226
$GNGGA,3955.37352,11620.28405,39.924223,116.344226
$GNGGA,3955.37351,11620.28406,39.924223,116.344226
$GNGGA,3955.37350,11620.28407,39.924223,116.344227
$GNGGA,3955.37350,11620.28408,39.924223,116.344227
$GNGGA,3955.37350,11620.28409,39.924223,116.344227
$GNGGA,3955.37351,11620.28409,39.924223,116.344227
$GNGGA,3955.37351,11620.28409,39.924223,116.344227
$GNGGA,3955.37294,11620.28412,39.924214,116.344227
$GNGGA,3955.37188,11620.28415,39.924196,116.344228
$GNGGA,3955.37017,11620.28427,39.924167,116.344230
$GNGGA,3955.36780,11620.28440,39.924128,116.344232
$GNGGA,3955.36484,11620.28457,39.924079,116.344235
$GNGGA,3955.36136,11620.28497,39.924021,116.344242
$GNGGA,3955.35749,11620.28558,39.923956,116.344252
$GNGGA,3955.35358,11620.28614,39.923891,116.344261
$GNGGA,3955.34982,11620.28664,39.923828,116.344269
$GNGGA,3955.34636,11620.28713,39.923771,116.344278
$GNGGA,3955.34315,11620.28758,39.923717,116.344285
$GNGGA,3955.33963,11620.28816,39.923658,116.344295
$GNGGA,3955.33568,11620.28893,39.923593,116.344308
$GNGGA,3955.33146,11620.28995,39.923522,116.344325
$GNGGA,3955.32706,11620.29124,39.923449,116.344346
$GNGGA,3955.32248,11620.29284,39.923373,116.344373
$GNGGA,3955.31771,11620.29465,39.923293,116.344403
$GNGGA,3955.31272,11620.29654,39.923210,116.344435
$GNGGA,3955.30774,11620.29822,39.923127,116.344463
$GNGGA,3955.30317,11620.29941,39.923051,116.344483
$GNGGA,3955.29908,11620.30013,39.922983,116.344495
$GNGGA,3955.29529,11620.30062,39.922920,116.344503
$GNGGA,3955.29161,11620.30100,39.922858,116.344509
$GNGGA,3955.28775,11620.30139,39.922794,116.344516
$GNGGA,3955.28355,11620.30174,39.922724,116.344522
$GNGGA,3955.27897,11620.30203,39.922648,116.344526
$GNGGA,3955.27405,11620.30227,39.922566,116.344530
$GNGGA,3955.26875,11620.30251,39.922478,116.344534
$GNGGA,3955.26312,11620.30289,39.922384,116.344541
$GNGGA,3955.25723,11620.30329,39.922286,116.344547
$GNGGA,3955.25113,11620.30371,39.922184,116.344554
$GNGGA,3955.24486,11620.30413,39.922079,116.344561
$GNGGA,3955.23841,11620.30454,39.921972,116.344568
$GNGGA,3955.23176,11620.30494,39.921861,116.344575
$GNGGA,3955.22498,11620.30535,39.921748,116.344582
$GNGGA,3955.21806,11620.30581,39.921633,116.344589
$GNGGA,3955.21106,11620.30625,39.921516,116.344597
$GNGGA,3955.20398,11620.30666,39.921398,116.344604
$GNGGA,3955.19682,11620.30706,39.921279,116.344610
$GNGGA,3955.18960,11620.30750,39.921158,116.344618
$GNGGA,3955.18239,11620.30793,39.921038,116.344625
$GNGGA,3955.17518,11620.30839,39.920918,116.344632
$GNGGA,3955.16801,11620.30882,39.920799,116.344640
$GNGGA,3955.16095,11620.30923,39.920681,116.344646
$GNGGA,3955.15408,11620.30960,39.920566,116.344653
$GNGGA,3955.14744,11620.30998,39.920456,116.344659
$GNGGA,3955.14110,11620.31043,39.920350,116.344666
$GNGGA,3955.13493,11620.31088,39.920247,116.344674
$GNGGA,3955.12884,11620.31131,39.920146,116.344681
$GNGGA,3955.12284,11620.31166,39.920046,116.344687
$GNGGA,3955.11692,11620.31200,39.919947,116.344693
$GNGGA,3955.11108,11620.31228,39.919850,116.344697
$GNGGA,3955.10530,11620.31254,39.919754,116.344702
$GNGGA,3955.09962,11620.31284,39.919659,116.344707
$GNGGA,3955.09399,11620.31318,39.919565,116.344712
$GNGGA,3955.08853,11620.31351,39.919474,116.344718
$GNGGA,3955.08353,11620.31380,39.919391,116.344723
$GNGGA,3955.07889,11620.31383,39.919313,116.344723
$GNGGA,3955.07444,11620.31344,39.919239,116.344717
$GNGGA,3955.07033,11620.31299,39.919171,116.344709
$GNGGA,3955.06676,11620.31283,39.919111,116.344706
$GNGGA,3955.06380,11620.31289,39.919062,116.344707
$GNGGA,3955.06189,11620.31302,39.919030,116.344710
$GNGGA,3955.06130,11620.31304,39.919020,116.344710
$GNGGA,3955.06131,11620.31305,39.919020,116.344710
$GNGGA,3955.06130,11620.31305,39.919020,116.344710
$GNGGA,3955.06131,11620.31306,39.919020,116.344710
$GNGGA,3955.06131,11620.31309,39.919020,116.344711
$GNGGA,3955.06130,11620.31311,39.919020,116.344711
$GNGGA,3955.06130,11620.31312,39.919020,116.344711
$GNGGA,3955.06130,11620.31312,39.919020,116.344711
$GNGGA,3955.06130,11620.31312,39.919020,116.344711
$GNGGA,3955.06130,11620.31313,39.919020,116.344711
$GNGGA,3955.06130,11620.31314,39.919020,116.344712
$GNGGA,3955.06130,11620.31315,39.919020,116.344712
$GNGGA,3955.06130,11620.31316,39.919020,116.344712
$GNGGA,3955.06130,11620.31318,39.919020,116.344712
$GNGGA,3955.06129,11620.31318,39.919020,116.344712
$GNGGA,3955.06130,11620.31319,39.919020,116.344712
$GNGGA,3955.06129,11620.31318,39.919020,116.344712
$GNGGA,3955.06130,11620.31317,39.919020,116.344712
$GNGGA,3955.06129,11620.31318,39.919020,116.344712
$GNGGA,3955.06127,11620.31320,39.919020,116.344713
$GNGGA,3955.06127,11620.31322,39.919020,116.344713
$GNGGA,3955.06127,11620.31323,39.919020,116.344713
$GNGGA,3955.06126,11620.31324,39.919020,116.344713
$GNGGA,3955.06126,11620.31325,39.919020,116.344713
$GNGGA,3955.06125,11620.31326,39.919019,116.344714
$GNGGA,3955.06124,11620.31328,39.919019,116.344714
$GNGGA,3955.06124,11620.31329,39.919019,116.344714
$GNGGA,3955.06124,11620.31331,39.919019,116.344714
$GNGGA,3955.06124,11620.31332,39.919019,116.344715
$GNGGA,3955.06125,11620.31334,39.919019,116.344715
$GNGGA,3955.06124,11620.31335,39.919019,116.344715
$GNGGA,3955.06124,11620.31336,39.919019,116.344715
$GNGGA,3955.06124,11620.31336,39.919019,116.344715
$GNGGA,3955.06125,11620.31336,39.919019,116.344715
$GNGGA,3955.06125,11620.31337,39.919019,116.344715
$GNGGA,3955.06125,11620.31336,39.919019,116.344715
$GNGGA,3955.06124,11620.31336,39.919019,116.344715
$GNGGA,3955.06124,11620.31335,39.919019,116.344715
$GNGGA,3955.06124,11620.31333,39.919019,116.344715
$GNGGA,3955.06081,11620.31330,39.919012,116.344714
$GNGGA,3955.05980,11620.31331,39.918995,116.344714
$GNGGA,3955.05812,11620.31336,39.918967,116.344715
$GNGGA,3955.05585,11620.31349,39.918929,116.344717
$GNGGA,3955.05308,11620.31373,39.918883,116.344721
$GNGGA,3955.05027,11620.31397,39.918836,116.344725
$GNGGA,3955.04745,11620.31423,39.918789,116.344730
$GNGGA,3955.04447,11620.31445,39.918740,116.344733
$GNGGA,3955.04121,11620.31462,39.918685,116.344736
$GNGGA,3955.03753,11620.31484,39.918624,116.344740
$GNGGA,3955.03346,11620.31512,39.918556,116.344745
$GNGGA,3955.02894,11620.31545,39.918481,116.344750
$GNGGA,3955.02397,11620.31590,39.918398,116.344758
$GNGGA,3955.01857,11620.31655,39.918308,116.344768
$GNGGA,3955.01279,11620.31746,39.918212,116.344784
$GNGGA,3955.00690,11620.31844,39.918114,116.344800
$GNGGA,3955.00109,11620.31919,39.918017,116.344812
$GNGGA,3954.99527,11620.31974,39.917920,116.344822
$GNGGA,3954.98929,11620.32021,39.917820,116.344829
$GNGGA,3954.98316,11620.32065,39.917718,116.344837
$GNGGA,3954.97690,11620.32109,39.917614,116.344844
$GNGGA,3954.97059,11620.32153,39.917509,116.344852
$GNGGA,3954.96433,11620.32196,39.917404,116.344859
$GNGGA,3954.95818,11620.32237,39.917302,116.344866
$GNGGA,3954.95287,11620.32272,39.917213,116.344871
$GNGGA,3954.94904,11620.32299,39.917149,116.344876
$GNGGA,3954.94651,11620.32320,39.917107,116.344879
$GNGGA,3954.94468,11620.32338,39.917077,116.344882
$GNGGA,3954.94343,11620.32351,39.917056,116.344885
$GNGGA,3954.94261,11620.32359,39.917042,116.344886
$GNGGA,3954.94259,11620.32361,39.917042,116.344886
$GNGGA,3954.94258,11620.32365,39.917042,116.344887
$GNGGA,3954.94257,11620.32369,39.917042,116.344888
$GNGGA,3954.94256,11620.32372,39.917041,116.344888
$GNGGA,3954.94254,11620.32376,39.917041,116.344889
$GNGGA,3954.94254,11620.32377,39.917041,116.344889
$GNGGA,3954.94253,11620.32377,39.917041,116.344889
$GNGGA,3954.94252,11620.32379,39.917041,116.344889
$GNGGA,3954.94251,11620.32382,39.917041,116.344890
$GNGGA,3954.94186,11620.32388,39.917030,116.344891
$GNGGA,3954.94054,11620.32400,39.917008,116.344893
$GNGGA,3954.93847,11620.32413,39.916973,116.344895
$GNGGA,3954.93571,11620.32436,39.916927,116.344899
$GNGGA,3954.93263,11620.32458,39.916876,116.344902
$GNGGA,3954.92963,11620.32474,39.916826,116.344905
$GNGGA,3954.92676,11620.32495,39.916778,116.344909
$GNGGA,3954.92382,11620.32518,39.916729,116.344912
$GNGGA,3954.92047,11620.32546,39.916673,116.344917
$GNGGA,3954.91670,11620.32575,39.916611,116.344922
$GNGGA,3954.91289,11620.32598,39.916547,116.344926
$GNGGA,3954.90937,11620.32617,39.916488,116.344929
$GNGGA,3954.90624,11620.32635,39.916436,116.344932
$GNGGA,3954.90395,11620.32646,39.916398,116.344934
$GNGGA,3954.90251,11620.32656,39.916374,116.344935
$GNGGA,3954.90133,11620.32665,39.916354,116.344937
$GNGGA,3954.89995,11620.32667,39.916331,116.344937
$GNGGA,3954.89812,11620.32673,39.916301,116.344938
$GNGGA,3954.89573,11620.32685,39.916261,116.344940
$GNGGA,3954.89279,11620.32749,39.916212,116.344951
$GNGGA,3954.88947,11620.32845,39.916157,116.344967
$GNGGA,3954.88562,11620.32927,39.916093,116.344981
$GNGGA,3954.88124,11620.32962,39.916020,116.344986
$GNGGA,3954.87643,11620.32984,39.915939,116.344990
$GNGGA,3954.87151,11620.33010,39.915857,116.344994
$GNGGA,3954.86707,11620.33026,39.915783,116.344997
$GNGGA,3954.86329,11620.33046,39.915720,116.345000
$GNGGA,3954.85992,11620.33071,39.915664,116.345005
$GNGGA,3954.85694,11620.33079,39.915615,116.345006
$GNGGA,3954.85419,11620.33079,39.915569,116.345006
$GNGGA,3954.85194,11620.33082,39.915531,116.345006
$GNGGA,3954.85019,11620.33093,39.915502,116.345008
$GNGGA,3954.84854,11620.33106,39.915475,116.345010
$GNGGA,3954.84679,11620.33100,39.915445,116.345009
$GNGGA,3954.84483,11620.33071,39.915413,116.345005
$GNGGA,3954.84248,11620.33037,39.915374,116.344999
$GNGGA,3954.84003,11620.33012,39.915333,116.344995
$GNGGA,3954.83781,11620.32994,39.915296,116.344992
$GNGGA,3954.83593,11620.32960,39.915264,116.344986
$GNGGA,3954.83414,11620.32919,39.915235,116.344979
$GNGGA,3954.83233,11620.32893,39.915204,116.344975
$GNGGA,3954.83070,11620.32886,39.915177,116.344974
$GNGGA,3954.82951,11620.32886,39.915157,116.344974
$GNGGA,3954.82891,11620.32887,39.915147,116.344974
$GNGGA,3954.82889,11620.32890,39.915147,116.344974
$GNGGA,3954.82889,11620.32892,39.915147,116.344975
$GNGGA,3954.82889,11620.32897,39.915147,116.344975
$GNGGA,3954.82890,11620.32900,39.915147,116.344976
$GNGGA,3954.82889,11620.32904,39.915147,116.344977
$GNGGA,3954.82887,11620.32907,39.915147,116.344977
$GNGGA,3954.82885,11620.32909,39.915146,116.344977
$GNGGA,3954.82884,11620.32911,39.915146,116.344978
$GNGGA,3954.82884,11620.32911,39.915146,116.344978
$GNGGA,3954.82885,11620.32910,39.915146,116.344978
$GNGGA,3954.82886,11620.32914,39.915147,116.344978
$GNGGA,3954.82887,11620.32916,39.915147,116.344979
$GNGGA,3954.82888,11620.32919,39.915147,116.344979
$GNGGA,3954.82888,11620.32920,39.915147,116.344979
$GNGGA,3954.82889,11620.32921,39.915147,116.344979
$GNGGA,3954.82889,11620.32922,39.915147,116.344980
$GNGGA,3954.82889,11620.32921,39.915147,116.344979
$GNGGA,3954.82888,11620.32922,39.915147,116.344980
$GNGGA,3954.82887,11620.32923,39.915147,116.344980
$GNGGA,3954.82887,11620.32924,39.915147,116.344980
$GNGGA,3954.82886,11620.32926,39.915147,116.344980
$GNGGA,3954.82886,11620.32928,39.915147,116.344981
$GNGGA,3954.82887,11620.32931,39.915147,116.344981
$GNGGA,3954.82887,11620.32934,39.915147,116.344982
$GNGGA,3954.82887,11620.32934,39.915147,116.344982
$GNGGA,3954.82887,11620.32935,39.915147,116.344982
$GNGGA,3954.82886,11620.32934,39.915147,116.344982
$GNGGA,3954.82885,11620.32932,39.915146,116.344981
$GNGGA,3954.82884,11620.32929,39.915146,116.344981
$GNGGA,3954.82882,11620.32924,39.915146,116.344980
$GNGGA,3954.82880,11620.32920,39.915146,116.344979
$GNGGA,3954.82878,11620.32914,39.915145,116.344978
$GNGGA,3954.82876,11620.32909,39.915145,116.344977
$GNGGA,3954.82875,11620.32904,39.915145,116.344977
$GNGGA,3954.82874,11620.32899,39.915145,116.344976
$GNGGA,3954.82873,11620.32896,39.915144,116.344975
$GNGGA,3954.82871,11620.32890,39.915144,116.344974
$GNGGA,3954.82869,11620.32882,39.915144,116.344973
$GNGGA,3954.82867,11620.32875,39.915143,116.344972
$GNGGA,3954.82866,11620.32869,39.915143,116.344971
$GNGGA,3954.82864,11620.32866,39.915143,116.344970
$GNGGA,3954.82863,11620.32860,39.915143,116.344969
$GNGGA,3954.82863,11620.32856,39.915143,116.344969
$GNGGA,3954.82863,11620.32853,39.915143,116.344968
$GNGGA,3954.82863,11620.32849,39.915143,116.344967
$GNGGA,3954.82862,11620.32846,39.915143,116.344967
$GNGGA,3954.82862,11620.32843,39.915143,116.344966
$GNGGA,3954.82861,11620.32840,39.915142,116.344966
$GNGGA,3954.82861,11620.32837,39.915142,116.344965
$GNGGA,3954.82861,11620.32834,39.915142,116.344965
$GNGGA,3954.82860,11620.32831,39.915142,116.344964
$GNGGA,3954.82859,11620.32830,39.915142,116.344964
$GNGGA,3954.82858,11620.32829,39.915142,116.344964
$GNGGA,3954.82856,11620.32827,39.915142,116.344964
$GNGGA,3954.82855,11620.32827,39.915141,116.344964
$GNGGA,3954.82853,11620.32827,39.915141,116.344964
$GNGGA,3954.82851,11620.32826,39.915141,116.344964
$GNGGA,3954.82849,11620.32825,39.915140,116.344963
$GNGGA,3954.82847,11620.32825,39.915140,116.344963
$GNGGA,3954.82845,11620.32824,39.915140,116.344963
$GNGGA,3954.82844,11620.32823,39.915140,116.344963
$GNGGA,3954.82844,11620.32822,39.915140,116.344963
$GNGGA,3954.82844,11620.32821,39.915140,116.344963
$GNGGA,3954.82845,11620.32820,39.915140,116.344963
$GNGGA,3954.82844,11620.32820,39.915140,116.344963
$GNGGA,3954.82794,11620.32821,39.915131,116.344963
$GNGGA,3954.82693,11620.32828,39.915114,116.344964
$GNGGA,3954.82534,11620.32839,39.915088,116.344966
$GNGGA,3954.82310,11620.32858,39.915051,116.344969
$GNGGA,3954.82024,11620.32874,39.915003,116.344972
$GNGGA,3954.81731,11620.32881,39.914954,116.344973
$GNGGA,3954.81494,11620.32895,39.914915,116.344975
$GNGGA,3954.81330,11620.32899,39.914887,116.344976
$GNGGA,3954.81187,11620.32902,39.914863,116.344976
$GNGGA,3954.81044,11620.32908,39.914840,116.344977
$GNGGA,3954.80892,11620.32913,39.914814,116.344978
$GNGGA,3954.80706,11620.32923,39.914783,116.344980
$GNGGA,3954.80489,11620.32933,39.914747,116.344981
$GNGGA,3954.80270,11620.32941,39.914711,116.344983
$GNGGA,3954.80050,11620.32969,39.914674,116.344987
$GNGGA,3954.79809,11620.33034,39.914634,116.344998
$GNGGA,3954.79567,11620.33117,39.914593,116.345012
$GNGGA,3954.79293,11620.33179,39.914548,116.345023
$GNGGA,3954.78959,11620.33213,39.914492,116.345028
$GNGGA,3954.78594,11620.33239,39.914431,116.345033
$GNGGA,3954.78299,11620.33251,39.914382,116.345035
$GNGGA,3954.78071,11620.33267,39.914344,116.345037
$GNGGA,3954.77914,11620.33279,39.914318,116.345039
$GNGGA,3954.77818,11620.33291,39.914302,116.345041
$GNGGA,3954.77753,11620.33297,39.914291,116.345042
$GNGGA,3954.77754,11620.33301,39.914291,116.345043
$GNGGA,3954.77755,11620.33301,39.914291,116.345043
$GNGGA,3954.77755,11620.33301,39.914291,116.345043
$GNGGA,3954.77755,11620.33298,39.914291,116.345042
$GNGGA,3954.77755,11620.33298,39.914291,116.345042
$GNGGA,3954.77754,11620.33297,39.914291,116.345042
$GNGGA,3954.77753,11620.33297,39.914291,116.345042
$GNGGA,3954.77752,11620.33297,39.914291,116.345042
$GNGGA,3954.77750,11620.33296,39.914291,116.345042
$GNGGA,3954.77748,11620.33295,39.914290,116.345042
$GNGGA,3954.77746,11620.33293,39.914290,116.345042
$GNGGA,3954.77744,11620.33291,39.914290,116.345041
$GNGGA,3954.77743,11620.33290,39.914289,116.345041
$GNGGA,3954.77742,11620.33289,39.914289,116.345041
$GNGGA,3954.77742,11620.33289,39.914289,116.345041
$GNGGA,3954.77741,11620.33292,39.914289,116.345041
$GNGGA,3954.77741,11620.33293,39.914289,116.345042
$GNGGA,3954.77741,11620.33292,39.914289,116.345041
$GNGGA,3954.77743,11620.33289,39.914289,116.345041
$GNGGA,3954.77744,11620.33285,39.914290,116.345040
$GNGGA,3954.77745,11620.33281,39.914290,116.345040
$GNGGA,3954.77746,11620.33278,39.914290,116.345039
$GNGGA,3954.77745,11620.33275,39.914290,116.345039
$GNGGA,3954.77745,11620.33273,39.914290,116.345038
$GNGGA,3954.77745,11620.33273,39.914290,116.345038
$GNGGA,3954.77746,11620.33273,39.914290,116.345038
$GNGGA,3954.77747,11620.33272,39.914290,116.345038
$GNGGA,3954.77747,11620.33271,39.914290,116.345038
$GNGGA,3954.77748,11620.33272,39.914290,116.345038
$GNGGA,3954.77747,11620.33272,39.914290,116.345038
$GNGGA,3954.77745,11620.33273,39.914290,116.345038
$GNGGA,3954.77744,11620.33274,39.914290,116.345038
$GNGGA,3954.77743,11620.33275,39.914289,116.345039
$GNGGA,3954.77742,11620.33275,39.914289,116.345039
$GNGGA,3954.77742,11620.33275,39.914289,116.345039
$GNGGA,3954.77741,11620.33276,39.914289,116.345039
$GNGGA,3954.77740,11620.33279,39.914289,116.345039
$GNGGA,3954.77738,11620.33281,39.914289,116.345040
$GNGGA,3954.77737,11620.33283,39.914288,116.345040
$GNGGA,3954.77736,11620.33286,39.914288,116.345040
$GNGGA,3954.77735,11620.33286,39.914288,116.345040
$GNGGA,3954.77735,11620.33285,39.914288,116.345040
$GNGGA,3954.77734,11620.33286,39.914288,116.345040
$GNGGA,3954.77734,11620.33286,39.914288,116.345040
$GNGGA,3954.77734,11620.33287,39.914288,116.345041
$GNGGA,3954.77733,11620.33286,39.914288,116.345040
$GNGGA,3954.77732,11620.33286,39.914288,116.345040
$GNGGA,3954.77731,11620.33285,39.914287,116.345040
$GNGGA,3954.77731,11620.33284,39.914287,116.345040
$GNGGA,3954.77732,11620.33284,39.914288,116.345040
$GNGGA,3954.77731,11620.33283,39.914287,116.345040
$GNGGA,3954.77731,11620.33283,39.914287,116.345040
$GNGGA,3954.77732,11620.33282,39.914288,116.345040
$GNGGA,3954.77733,11620.33282,39.914288,116.345040
$GNGGA,3954.77734,11620.33282,39.914288,116.345040
$GNGGA,3954.77734,11620.33282,39.914288,116.345040
$GNGGA,3954.77734,11620.33282,39.914288,116.345040
$GNGGA,3954.77735,11620.33282,39.914288,116.345040
$GNGGA,3954.77735,11620.33282,39.914288,116.345040
$GNGGA,3954.77736,11620.33283,39.914288,116.345040
$GNGGA,3954.77737,11620.33284,39.914288,116.345040
$GNGGA,3954.77738,11620.33285,39.914289,116.345040
$GNGGA,3954.77739,11620.33285,39.914289,116.345040
$GNGGA,3954.77740,11620.33284,39.914289,116.345040
$GNGGA,3954.77742,11620.33284,39.914289,116.345040
$GNGGA,3954.77743,11620.33284,39.914289,116.345040
$GNGGA,3954.77744,11620.33284,39.914290,116.345040
$GNGGA,3954.77745,11620.33285,39.914290,116.345040
$GNGGA,3954.77745,11620.33285,39.914290,116.345040
$GNGGA,3954.77746,11620.33284,39.914290,116.345040
$GNGGA,3954.77746,11620.33284,39.914290,116.345040
$GNGGA,3954.77746,11620.33284,39.914290,116.345040
$GNGGA,3954.77747,11620.33284,39.914290,116.345040
$GNGGA,3954.77747,11620.33284,39.914290,116.345040
$GNGGA,3954.77748,11620.33285,39.914290,116.345040
$GNGGA,3954.77749,11620.33285,39.914290,116.345040
$GNGGA,3954.77750,11620.33286,39.914291,116.345040
$GNGGA,3954.77751,11620.33287,39.914291,116.345041
$GNGGA,3954.77752,11620.33288,39.914291,116.345041
$GNGGA,3954.77753,11620.33288,39.914291,116.345041
$GNGGA,3954.77754,11620.33288,39.914291,116.345041
$GNGGA,3954.77756,11620.33288,39.914292,116.345041
$GNGGA,3954.77757,11620.33288,39.914292,116.345041
$GNGGA,3954.77758,11620.33288,39.914292,116.345041
$GNGGA,3954.77758,11620.33288,39.914292,116.345041
$GNGGA,3954.77759,11620.33289,39.914292,116.345041
$GNGGA,3954.77759,11620.33289,39.914292,116.345041
$GNGGA,3954.77759,11620.33289,39.914292,116.345041
$GNGGA,3954.77760,11620.33288,39.914292,116.345041
$GNGGA,3954.77760,11620.33288,39.914292,116.345041
$GNGGA,3954.77760,11620.33288,39.914292,116.345041
$GNGGA,3954.77760,11620.33289,39.914292,116.345041
$GNGGA,3954.77760,11620.33290,39.914292,116.345041
$GNGGA,3954.77760,11620.33290,39.914292,116.345041
$GNGGA,3954.77759,11620.33291,39.914292,116.345041
$GNGGA,3954.77759,11620.33291,39.914292,116.345041
$GNGGA,3954.77759,11620.33291,39.914292,116.345041
$GNGGA,3954.77760,11620.33291,39.914292,116.345041
$GNGGA,3954.77760,11620.33291,39.914292,116.345041
$GNGGA,3954.77760,11620.33291,39.914292,116.345041
$GNGGA,3954.77761,11620.33291,39.914292,116.345041
$GNGGA,3954.77761,11620.33292,39.914292,116.345041
$GNGGA,3954.77762,11620.33292,39.914293,116.345041
$GNGGA,3954.77761,11620.33292,39.914292,116.345041
$GNGGA,3954.77761,11620.33292,39.914292,116.345041
$GNGGA,3954.77760,11620.33291,39.914292,116.345041
$GNGGA,3954.77738,11620.33295,39.914289,116.345042
$GNGGA,3954.77686,11620.33304,39.914280,116.345043
$GNGGA,3954.77582,11620.33315,39.914263,116.345045
$GNGGA,3954.77414,11620.33329,39.914235,116.345048
$GNGGA,3954.77175,11620.33347,39.914195,116.345051
$GNGGA,3954.76883,11620.33366,39.914146,116.345054
$GNGGA,3954.76586,11620.33391,39.914097,116.345058
$GNGGA,3954.76274,11620.33426,39.914045,116.345064
$GNGGA,3954.75939,11620.33463,39.913989,116.345070
$GNGGA,3954.75580,11620.33497,39.913929,116.345076
$GNGGA,3954.75176,11620.33530,39.913862,116.345081
$GNGGA,3954.74724,11620.33570,39.913786,116.345088
$GNGGA,3954.74234,11620.33618,39.913705,116.345096
$GNGGA,3954.73741,11620.33662,39.913623,116.345103
$GNGGA,3954.73256,11620.33703,39.913542,116.345110
$GNGGA,3954.72784,11620.33734,39.913463,116.345115
$GNGGA,3954.72401,11620.33754,39.913399,116.345118
$GNGGA,3954.72177,11620.33760,39.913362,116.345119
$GNGGA,3954.72061,11620.33759,39.913343,116.345119
$GNGGA,3954.72002,11620.33760,39.913333,116.345119
$GNGGA,3954.71955,11620.33761,39.913325,116.345120
$GNGGA,3954.71859,11620.33807,39.913309,116.345127
$GNGGA,3954.71707,11620.33896,39.913284,116.345142
$GNGGA,3954.71488,11620.33962,39.913247,116.345153
$GNGGA,3954.71220,11620.33986,39.913202,116.345157
$GNGGA,3954.70941,11620.33995,39.913156,116.345159
$GNGGA,3954.70673,11620.33996,39.913111,116.345159
$GNGGA,3954.70401,11620.33999,39.913066,116.345159
$GNGGA,3954.70101,11620.34003,39.913016,116.345160
$GNGGA,3954.69757,11620.34004,39.912959,116.345160
$GNGGA,3954.69368,11620.33994,39.912894,116.345158
$GNGGA,3954.68932,11620.33970,39.912821,116.345154
$GNGGA,3954.68452,11620.33942,39.912741,116.345150
$GNGGA,3954.67930,11620.33908,39.912654,116.345144
$GNGGA,3954.67369,11620.33872,39.912561,116.345138
$GNGGA,3954.66788,11620.33833,39.912464,116.345131
$GNGGA,3954.66211,11620.33792,39.912368,116.345125
$GNGGA,3954.65626,11620.33747,39.912270,116.345117
$GNGGA,3954.65019,11620.33697,39.912169,116.345109
$GNGGA,3954.64391,11620.33635,39.912064,116.345098
$GNGGA,3954.63739,11620.33555,39.911955,116.345085
$GNGGA,3954.63067,11620.33458,39.911843,116.345069
$GNGGA,3954.62373,11620.33343,39.911728,116.345050
$GNGGA,3954.61658,11620.33202,39.911608,116.345026
$GNGGA,3954.60927,11620.33044,39.911487,116.345000
$GNGGA,3954.60180,11620.32870,39.911362,116.344970
$GNGGA,3954.59436,11620.32694,39.911238,116.344941
$GNGGA,3954.58702,11620.32508,39.911116,116.344910
$GNGGA,3954.57961,11620.32300,39.910992,116.344875
$GNGGA,3954.57204,11620.32076,39.910866,116.344838
$GNGGA,3954.56430,11620.31846,39.910737,116.344799
$GNGGA,3954.55645,11620.31608,39.910606,116.344760
$GNGGA,3954.54847,11620.31362,39.910473,116.344718
$GNGGA,3954.54034,11620.31111,39.910337,116.344677
$GNGGA,3954.53205,11620.30861,39.910199,116.344635
