$GNGGA,3954.56358,11620.32592,39.910725,116.344924
$GNGGA,3954.56489,11620.32648,39.910747,116.344933
$GNGGA,3954.56594,11620.32690,39.910764,116.344940
$GNGGA,3954.56677,11620.32720,39.910778,116.344945
$GNGGA,3954.56759,11620.32746,39.910792,116.344950
$GNGGA,3954.56854,11620.32778,39.910808,116.344955
$GNGGA,3954.56989,11620.32819,39.910830,116.344962
$GNGGA,3954.57174,11620.32872,39.910861,116.344971
$GNGGA,3954.57408,11620.32932,39.910900,116.344981
$GNGGA,3954.57681,11620.32999,39.910946,116.344992
$GNGGA,3954.57985,11620.33071,39.910996,116.345004
$GNGGA,3954.58293,11620.33142,39.911048,116.345016
$GNGGA,3954.58602,11620.33217,39.911099,116.345028
$GNGGA,3954.58936,11620.33297,39.911155,116.345042
$GNGGA,3954.59303,11620.33391,39.911216,116.345058
$GNGGA,3954.59698,11620.33473,39.911282,116.345071
$GNGGA,3954.60126,11620.33551,39.911353,116.345084
$GNGGA,3954.60564,11620.33639,39.911426,116.345099
$GNGGA,3954.61026,11620.33721,39.911503,116.345113
$GNGGA,3954.61486,11620.33804,39.911580,116.345127
$GNGGA,3954.61942,11620.33883,39.911656,116.345140
$GNGGA,3954.62391,11620.33957,39.911731,116.345152
$GNGGA,3954.62828,11620.34026,39.911804,116.345164
$GNGGA,3954.63236,11620.34087,39.911872,116.345174
$GNGGA,3954.63591,11620.34138,39.911931,116.345182
$GNGGA,3954.63890,11620.34177,39.911981,116.345189
$GNGGA,3954.64152,11620.34215,39.912024,116.345195
$GNGGA,3954.64399,11620.34274,39.912066,116.345205
$GNGGA,3954.64633,11620.34357,39.912105,116.345219
$GNGGA,3954.64860,11620.34443,39.912143,116.345233
$GNGGA,3954.65081,11620.34505,39.912179,116.345244
$GNGGA,3954.65282,11620.34543,39.912213,116.345250
$GNGGA,3954.65438,11620.34570,39.912239,116.345255
$GNGGA,3954.65526,11620.34584,39.912254,116.345257
$GNGGA,3954.65529,11620.34583,39.912254,116.345257
$GNGGA,3954.65530,11620.34582,39.912254,116.345257
$GNGGA,3954.65529,11620.34582,39.912254,116.345257
$GNGGA,3954.65528,11620.34583,39.912254,116.345257
$GNGGA,3954.65527,11620.34583,39.912254,116.345257
$GNGGA,3954.65526,11620.34584,39.912254,116.345257
$GNGGA,3954.65526,11620.34584,39.912254,116.345257
$GNGGA,3954.65526,11620.34586,39.912254,116.345257
$GNGGA,3954.65526,11620.34588,39.912254,116.345258
$GNGGA,3954.65525,11620.34591,39.912253,116.345258
$GNGGA,3954.65525,11620.34594,39.912253,116.345259
$GNGGA,3954.65525,11620.34596,39.912253,116.345259
$GNGGA,3954.65525,11620.34598,39.912253,116.345259
$GNGGA,3954.65525,11620.34599,39.912253,116.345259
$GNGGA,3954.65526,11620.34600,39.912254,116.345260
$GNGGA,3954.65549,11620.34607,39.912257,116.345261
$GNGGA,3954.65606,11620.34616,39.912267,116.345262
$GNGGA,3954.65723,11620.34629,39.912286,116.345264
$GNGGA,3954.65898,11620.34653,39.912316,116.345268
$GNGGA,3954.66137,11620.34679,39.912355,116.345273
$GNGGA,3954.66437,11620.34709,39.912405,116.345278
$GNGGA,3954.66773,11620.34736,39.912462,116.345282
$GNGGA,3954.67112,11620.34756,39.912518,116.345286
$GNGGA,3954.67453,11620.34770,39.912575,116.345288
$GNGGA,3954.67817,11620.34781,39.912636,116.345290
$GNGGA,3954.68193,11620.34792,39.912698,116.345292
$GNGGA,3954.68541,11620.34803,39.912756,116.345294
$GNGGA,3954.68840,11620.34812,39.912806,116.345295
$GNGGA,3954.69104,11620.34818,39.912850,116.345296
$GNGGA,3954.69343,11620.34820,39.912890,116.345296
$GNGGA,3954.69565,11620.34820,39.912927,116.345296
$GNGGA,3954.69759,11620.34815,39.912959,116.345296
$GNGGA,3954.69921,11620.34812,39.912986,116.345295
$GNGGA,3954.70065,11620.34811,39.913010,116.345295
$GNGGA,3954.70207,11620.34813,39.913034,116.345295
$GNGGA,3954.70353,11620.34814,39.913058,116.345295
$GNGGA,3954.70518,11620.34805,39.913086,116.345294
$GNGGA,3954.70707,11620.34799,39.913117,116.345293
$GNGGA,3954.70882,11620.34787,39.913146,116.345291
$GNGGA,3954.70987,11620.34784,39.913164,116.345290
$GNGGA,3954.70995,11620.34780,39.913165,116.345290
$GNGGA,3954.70998,11620.34778,39.913166,116.345289
$GNGGA,3954.71000,11620.34775,39.913166,116.345289
$GNGGA,3954.71002,11620.34774,39.913166,116.345289
$GNGGA,3954.71004,11620.34773,39.913167,116.345289
$GNGGA,3954.71007,11620.34770,39.913167,116.345288
$GNGGA,3954.71009,11620.34767,39.913168,116.345288
$GNGGA,3954.71011,11620.34764,39.913168,116.345287
$GNGGA,3954.71013,11620.34761,39.913168,116.345287
$GNGGA,3954.71014,11620.34759,39.913168,116.345286
$GNGGA,3954.71014,11620.34758,39.913168,116.345286
$GNGGA,3954.71015,11620.34756,39.913169,116.345286
$GNGGA,3954.71016,11620.34755,39.913169,116.345286
$GNGGA,3954.71017,11620.34754,39.913169,116.345285
$GNGGA,3954.71018,11620.34751,39.913169,116.345285
$GNGGA,3954.71019,11620.34748,39.913169,116.345284
$GNGGA,3954.71018,11620.34746,39.913169,116.345284
$GNGGA,3954.71019,11620.34746,39.913169,116.345284
$GNGGA,3954.71019,11620.34749,39.913169,116.345285
$GNGGA,3954.71018,11620.34751,39.913169,116.345285
$GNGGA,3954.71018,11620.34755,39.913169,116.345286
$GNGGA,3954.71016,11620.34756,39.913169,116.345286
$GNGGA,3954.71015,11620.34757,39.913169,116.345286
$GNGGA,3954.71015,11620.34758,39.913169,116.345286
$GNGGA,3954.71014,11620.34760,39.913168,116.345286
$GNGGA,3954.71013,11620.34760,39.913168,116.345286
$GNGGA,3954.71012,11620.34759,39.913168,116.345286
$GNGGA,3954.71011,11620.34759,39.913168,116.345286
$GNGGA,3954.71011,11620.34758,39.913168,116.345286
$GNGGA,3954.71010,11620.34758,39.913168,116.345286
$GNGGA,3954.71009,11620.34757,39.913168,116.345286
$GNGGA,3954.71008,11620.34755,39.913167,116.345286
$GNGGA,3954.71006,11620.34753,39.913167,116.345285
$GNGGA,3954.71005,11620.34753,39.913167,116.345285
$GNGGA,3954.71004,11620.34750,39.913167,116.345285
$GNGGA,3954.71004,11620.34748,39.913167,116.345284
$GNGGA,3954.71003,11620.34746,39.913167,116.345284
$GNGGA,3954.71003,11620.34745,39.913167,116.345284
$GNGGA,3954.71003,11620.34744,39.913167,116.345284
$GNGGA,3954.71004,11620.34743,39.913167,116.345284
$GNGGA,3954.71004,11620.34743,39.913167,116.345284
$GNGGA,3954.71005,11620.34742,39.913167,116.345283
$GNGGA,3954.71004,11620.34742,39.913167,116.345283
$GNGGA,3954.71005,11620.34741,39.913167,116.345283
$GNGGA,3954.71005,11620.34741,39.913167,116.345283
$GNGGA,3954.71005,11620.34742,39.913167,116.345283
$GNGGA,3954.71005,11620.34742,39.913167,116.345283
$GNGGA,3954.71005,11620.34742,39.913167,116.345283
$GNGGA,3954.71004,11620.34742,39.913167,116.345283
$GNGGA,3954.71004,11620.34741,39.913167,116.345283
$GNGGA,3954.71004,11620.34740,39.913167,116.345283
$GNGGA,3954.71005,11620.34740,39.913167,116.345283
$GNGGA,3954.71007,11620.34741,39.913167,116.345283
$GNGGA,3954.71009,11620.34743,39.913168,116.345284
$GNGGA,3954.71011,11620.34745,39.913168,116.345284
$GNGGA,3954.71012,11620.34748,39.913168,116.345284
$GNGGA,3954.71014,11620.34750,39.913168,116.345285
$GNGGA,3954.71015,11620.34751,39.913169,116.345285
$GNGGA,3954.71016,11620.34754,39.913169,116.345285
$GNGGA,3954.71018,11620.34756,39.913169,116.345286
$GNGGA,3954.71019,11620.34758,39.913169,116.345286
$GNGGA,3954.71020,11620.34760,39.913169,116.345286
$GNGGA,3954.71021,11620.34760,39.913170,116.345286
$GNGGA,3954.71021,11620.34760,39.913170,116.345286
$GNGGA,3954.71022,11620.34759,39.913170,116.345286
$GNGGA,3954.71023,11620.34758,39.913170,116.345286
$GNGGA,3954.71024,11620.34757,39.913170,116.345286
$GNGGA,3954.71025,11620.34756,39.913170,116.345286
$GNGGA,3954.71026,11620.34755,39.913170,116.345286
$GNGGA,3954.71026,11620.34755,39.913170,116.345286
$GNGGA,3954.71027,11620.34754,39.913171,116.345285
$GNGGA,3954.71027,11620.34752,39.913171,116.345285
$GNGGA,3954.71026,11620.34752,39.913170,116.345285
$GNGGA,3954.71025,11620.34750,39.913170,116.345285
$GNGGA,3954.71025,11620.34750,39.913170,116.345285
$GNGGA,3954.71024,11620.34749,39.913170,116.345285
$GNGGA,3954.71023,11620.34748,39.913170,116.345284
$GNGGA,3954.71023,11620.34748,39.913170,116.345284
$GNGGA,3954.71022,11620.34747,39.913170,116.345284
$GNGGA,3954.71021,11620.34745,39.913170,116.345284
$GNGGA,3954.71020,11620.34744,39.913169,116.345284
$GNGGA,3954.71020,11620.34742,39.913169,116.345283
$GNGGA,3954.71020,11620.34742,39.913169,116.345283
$GNGGA,3954.71021,11620.34742,39.913170,116.345283
$GNGGA,3954.71022,11620.34742,39.913170,116.345283
$GNGGA,3954.71022,11620.34742,39.913170,116.345283
$GNGGA,3954.71023,11620.34741,39.913170,116.345283
$GNGGA,3954.71023,11620.34741,39.913170,116.345283
$GNGGA,3954.71023,11620.34741,39.913170,116.345283
$GNGGA,3954.71022,11620.34741,39.913170,116.345283
$GNGGA,3954.71022,11620.34742,39.913170,116.345283
$GNGGA,3954.71021,11620.34741,39.913170,116.345283
$GNGGA,3954.71021,11620.34741,39.913170,116.345283
$GNGGA,3954.71020,11620.34740,39.913169,116.345283
$GNGGA,3954.71020,11620.34740,39.913169,116.345283
$GNGGA,3954.71020,11620.34739,39.913169,116.345283
$GNGGA,3954.71019,11620.34738,39.913169,116.345283
$GNGGA,3954.71019,11620.34735,39.913169,116.345282
$GNGGA,3954.71019,11620.34733,39.913169,116.345282
$GNGGA,3954.71018,11620.34732,39.913169,116.345282
$GNGGA,3954.71018,11620.34732,39.913169,116.345282
$GNGGA,3954.71018,11620.34732,39.913169,116.345282
$GNGGA,3954.71019,11620.34732,39.913169,116.345282
$GNGGA,3954.71019,11620.34733,39.913169,116.345282
$GNGGA,3954.71047,11620.34734,39.913174,116.345282
$GNGGA,3954.71109,11620.34731,39.913184,116.345282
$GNGGA,3954.71226,11620.34725,39.913204,116.345281
$GNGGA,3954.71387,11620.34717,39.913231,116.345279
$GNGGA,3954.71551,11620.34709,39.913258,116.345278
$GNGGA,3954.71745,11620.34705,39.913290,116.345277
$GNGGA,3954.71988,11620.34701,39.913331,116.345277
$GNGGA,3954.72259,11620.34689,39.913376,116.345275
$GNGGA,3954.72558,11620.34675,39.913426,116.345272
$GNGGA,3954.72862,11620.34656,39.913476,116.345269
$GNGGA,3954.73146,11620.34634,39.913524,116.345265
$GNGGA,3954.73405,11620.34614,39.913567,116.345262
$GNGGA,3954.73632,11620.34599,39.913605,116.345260
$GNGGA,3954.73826,11620.34587,39.913637,116.345258
$GNGGA,3954.73996,11620.34577,39.913665,116.345256
$GNGGA,3954.74144,11620.34567,39.913690,116.345254
$GNGGA,3954.74279,11620.34558,39.913713,116.345253
$GNGGA,3954.74372,11620.34557,39.913728,116.345253
$GNGGA,3954.74436,11620.34555,39.913739,116.345252
$GNGGA,3954.74507,11620.34551,39.913750,116.345252
$GNGGA,3954.74611,11620.34544,39.913768,116.345250
$GNGGA,3954.74737,11620.34534,39.913789,116.345249
$GNGGA,3954.74848,11620.34524,39.913807,116.345247
$GNGGA,3954.74985,11620.34514,39.913830,116.345245
$GNGGA,3954.75181,11620.34505,39.913863,116.345244
$GNGGA,3954.75445,11620.34496,39.913907,116.345242
$GNGGA,3954.75742,11620.34484,39.913956,116.345240
$GNGGA,3954.76048,11620.34468,39.914007,116.345238
$GNGGA,3954.76390,11620.34440,39.914064,116.345233
$GNGGA,3954.76782,11620.34396,39.914130,116.345226
$GNGGA,3954.77218,11620.34333,39.914202,116.345215
$GNGGA,3954.77697,11620.34263,39.914282,116.345204
$GNGGA,3954.78210,11620.34208,39.914368,116.345194
$GNGGA,3954.78760,11620.34166,39.914459,116.345187
$GNGGA,3954.79342,11620.34128,39.914556,116.345181
$GNGGA,3954.79951,11620.34089,39.914658,116.345175
$GNGGA,3954.80570,11620.34049,39.914761,116.345168
$GNGGA,3954.81181,11620.34007,39.914863,116.345161
$GNGGA,3954.81798,11620.33961,39.914966,116.345153
$GNGGA,3954.82438,11620.33919,39.915072,116.345146
$GNGGA,3954.83097,11620.33879,39.915182,116.345140
$GNGGA,3954.83776,11620.33842,39.915295,116.345133
$GNGGA,3954.84465,11620.33801,39.915410,116.345127
$GNGGA,3954.85173,11620.33753,39.915528,116.345119
$GNGGA,3954.85890,11620.33703,39.915647,116.345110
$GNGGA,3954.86619,11620.33654,39.915769,116.345102
$GNGGA,3954.87363,11620.33609,39.915893,116.345095
$GNGGA,3954.88116,11620.33568,39.916018,116.345088
$GNGGA,3954.88871,11620.33526,39.916144,116.345081
$GNGGA,3954.89610,11620.33481,39.916267,116.345073
$GNGGA,3954.90329,11620.33433,39.916387,116.345065
$GNGGA,3954.91037,11620.33385,39.916505,116.345057
$GNGGA,3954.91741,11620.33344,39.916623,116.345050
$GNGGA,3954.92445,11620.33304,39.916740,116.345044
$GNGGA,3954.93138,11620.33263,39.916855,116.345037
$GNGGA,3954.93818,11620.33223,39.916969,116.345030
$GNGGA,3954.94483,11620.33183,39.917080,116.345024
$GNGGA,3954.95134,11620.33146,39.917188,116.345017
$GNGGA,3954.95774,11620.33108,39.917295,116.345011
$GNGGA,3954.96394,11620.33071,39.917398,116.345005
$GNGGA,3954.96975,11620.33032,39.917495,116.344998
$GNGGA,3954.97509,11620.32999,39.917584,116.344993
$GNGGA,3954.97988,11620.32969,39.917664,116.344988
$GNGGA,3954.98404,11620.32949,39.917733,116.344984
$GNGGA,3954.98758,11620.32930,39.917792,116.344981
$GNGGA,3954.99043,11620.32914,39.917839,116.344979
$GNGGA,3954.99267,11620.32897,39.917877,116.344976
$GNGGA,3954.99422,11620.32889,39.917903,116.344974
$GNGGA,3954.99497,11620.32890,39.917915,116.344975
$GNGGA,3954.99495,11620.32892,39.917915,116.344975
$GNGGA,3954.99495,11620.32897,39.917915,116.344976
$GNGGA,3954.99499,11620.32904,39.917915,116.344977
$GNGGA,3954.99504,11620.32910,39.917916,116.344978
$GNGGA,3954.99509,11620.32914,39.917917,116.344979
$GNGGA,3954.99513,11620.32917,39.917918,116.344979
$GNGGA,3954.99517,11620.32920,39.917919,116.344980
$GNGGA,3954.99519,11620.32923,39.917919,116.344980
$GNGGA,3954.99522,11620.32925,39.917919,116.344981
$GNGGA,3954.99523,11620.32929,39.917920,116.344981
$GNGGA,3954.99522,11620.32932,39.917919,116.344982
$GNGGA,3954.99522,11620.32935,39.917919,116.344982
$GNGGA,3954.99523,11620.32936,39.917920,116.344982
$GNGGA,3954.99523,11620.32937,39.917920,116.344983
$GNGGA,3954.99522,11620.32938,39.917919,116.344983
$GNGGA,3954.99521,11620.32938,39.917919,116.344983
$GNGGA,3954.99521,11620.32939,39.917919,116.344983
$GNGGA,3954.99520,11620.32941,39.917919,116.344983
$GNGGA,3954.99519,11620.32943,39.917919,116.344984
$GNGGA,3954.99519,11620.32945,39.917919,116.344984
$GNGGA,3954.99518,11620.32945,39.917919,116.344984
$GNGGA,3954.99517,11620.32945,39.917919,116.344984
$GNGGA,3954.99516,11620.32946,39.917918,116.344984
$GNGGA,3954.99515,11620.32946,39.917918,116.344984
$GNGGA,3954.99515,11620.32948,39.917918,116.344984
$GNGGA,3954.99515,11620.32951,39.917918,116.344985
$GNGGA,3954.99515,11620.32955,39.917918,116.344986
$GNGGA,3954.99516,11620.32958,39.917918,116.344986
$GNGGA,3954.99516,11620.32961,39.917918,116.344987
$GNGGA,3954.99517,11620.32962,39.917919,116.344987
$GNGGA,3954.99517,11620.32963,39.917919,116.344987
$GNGGA,3954.99518,11620.32964,39.917919,116.344987
$GNGGA,3954.99518,11620.32965,39.917919,116.344987
$GNGGA,3954.99518,11620.32964,39.917919,116.344987
$GNGGA,3954.99517,11620.32963,39.917919,116.344987
$GNGGA,3954.99516,11620.32961,39.917918,116.344987
$GNGGA,3954.99514,11620.32960,39.917918,116.344986
$GNGGA,3954.99513,11620.32959,39.917918,116.344986
$GNGGA,3954.99512,11620.32959,39.917918,116.344986
$GNGGA,3954.99511,11620.32960,39.917918,116.344986
$GNGGA,3954.99511,11620.32960,39.917918,116.344986
$GNGGA,3954.99511,11620.32959,39.917918,116.344986
$GNGGA,3954.99511,11620.32958,39.917918,116.344986
$GNGGA,3954.99511,11620.32957,39.917918,116.344986
$GNGGA,3954.99511,11620.32957,39.917918,116.344986
$GNGGA,3954.99511,11620.32956,39.917918,116.344986
$GNGGA,3954.99511,11620.32956,39.917918,116.344986
$GNGGA,3954.99511,11620.32955,39.917918,116.344986
$GNGGA,3954.99511,11620.32955,39.917918,116.344986
$GNGGA,3954.99510,11620.32954,39.917917,116.344985
$GNGGA,3954.99510,11620.32954,39.917917,116.344985
$GNGGA,3954.99510,11620.32954,39.917917,116.344985
$GNGGA,3954.99510,11620.32954,39.917917,116.344985
$GNGGA,3954.99510,11620.32953,39.917917,116.344985
$GNGGA,3954.99509,11620.32952,39.917917,116.344985
$GNGGA,3954.99509,11620.32951,39.917917,116.344985
$GNGGA,3954.99508,11620.32950,39.917917,116.344985
$GNGGA,3954.99507,11620.32949,39.917917,116.344985
$GNGGA,3954.99506,11620.32948,39.917917,116.344984
$GNGGA,3954.99506,11620.32947,39.917917,116.344984
$GNGGA,3954.99505,11620.32947,39.917917,116.344984
$GNGGA,3954.99504,11620.32948,39.917916,116.344984
$GNGGA,3954.99504,11620.32949,39.917916,116.344985
$GNGGA,3954.99503,11620.32950,39.917916,116.344985
$GNGGA,3954.99503,11620.32952,39.917916,116.344985
$GNGGA,3954.99503,11620.32954,39.917916,116.344985
$GNGGA,3954.99503,11620.32955,39.917916,116.344986
$GNGGA,3954.99503,11620.32956,39.917916,116.344986
$GNGGA,3954.99504,11620.32957,39.917916,116.344986
$GNGGA,3954.99504,11620.32957,39.917916,116.344986
$GNGGA,3954.99552,11620.32954,39.917924,116.344985
$GNGGA,3954.99632,11620.32950,39.917938,116.344985
$GNGGA,3954.99770,11620.32944,39.917961,116.344984
$GNGGA,3954.99976,11620.32937,39.917995,116.344983
$GNGGA,3955.00242,11620.32927,39.918039,116.344981
$GNGGA,3955.00561,11620.32914,39.918093,116.344979
$GNGGA,3955.00914,11620.32896,39.918151,116.344976
$GNGGA,3955.01272,11620.32874,39.918211,116.344972
$GNGGA,3955.01649,11620.32849,39.918274,116.344968
$GNGGA,3955.02070,11620.32830,39.918344,116.344965
$GNGGA,3955.02532,11620.32802,39.918421,116.344960
$GNGGA,3955.03028,11620.32762,39.918504,116.344953
$GNGGA,3955.03550,11620.32723,39.918591,116.344947
$GNGGA,3955.04073,11620.32682,39.918678,116.344940
$GNGGA,3955.04589,11620.32636,39.918764,116.344932
$GNGGA,3955.05112,11620.32587,39.918851,116.344924
$GNGGA,3955.05655,11620.32540,39.918941,116.344916
$GNGGA,3955.06218,11620.32498,39.919035,116.344909
$GNGGA,3955.06802,11620.32453,39.919133,116.344902
$GNGGA,3955.07411,11620.32408,39.919234,116.344894
$GNGGA,3955.08040,11620.32358,39.919339,116.344886
$GNGGA,3955.08688,11620.32306,39.919447,116.344877
$GNGGA,3955.09353,11620.32254,39.919558,116.344869
$GNGGA,3955.10037,11620.32206,39.919672,116.344861
$GNGGA,3955.10738,11620.32161,39.919789,116.344853
$GNGGA,3955.11456,11620.32113,39.919908,116.344845
$GNGGA,3955.12190,11620.32058,39.920030,116.344836
$GNGGA,3955.12938,11620.31997,39.920155,116.344826
$GNGGA,3955.13702,11620.31936,39.920282,116.344816
$GNGGA,3955.14481,11620.31881,39.920412,116.344806
$GNGGA,3955.15273,11620.31833,39.920544,116.344798
$GNGGA,3955.16076,11620.31786,39.920678,116.344791
$GNGGA,3955.16885,11620.31732,39.920813,116.344782
$GNGGA,3955.17685,11620.31681,39.920946,116.344773
$GNGGA,3955.18484,11620.31630,39.921079,116.344765
$GNGGA,3955.19297,11620.31580,39.921215,116.344756
$GNGGA,3955.20127,11620.31528,39.921353,116.344748
$GNGGA,3955.20972,11620.31473,39.921494,116.344738
$GNGGA,3955.21825,11620.31418,39.921636,116.344729
$GNGGA,3955.22664,11620.31365,39.921776,116.344720
$GNGGA,3955.23490,11620.31316,39.921914,116.344712
$GNGGA,3955.24294,11620.31289,39.922048,116.344708
$GNGGA,3955.25070,11620.31280,39.922177,116.344706
$GNGGA,3955.25809,11620.31280,39.922300,116.344706
$GNGGA,3955.26503,11620.31275,39.922416,116.344705
$GNGGA,3955.27139,11620.31258,39.922522,116.344703
$GNGGA,3955.27692,11620.31236,39.922614,116.344699
$GNGGA,3955.28151,11620.31210,39.922690,116.344695
$GNGGA,3955.28513,11620.31189,39.922751,116.344691
$GNGGA,3955.28792,11620.31177,39.922797,116.344689
$GNGGA,3955.29007,11620.31170,39.922833,116.344688
$GNGGA,3955.29153,11620.31164,39.922857,116.344687
$GNGGA,3955.29227,11620.31159,39.922870,116.344686
$GNGGA,3955.29231,11620.31164,39.922870,116.344687
$GNGGA,3955.29235,11620.31166,39.922871,116.344687
$GNGGA,3955.29236,11620.31165,39.922871,116.344687
$GNGGA,3955.29234,11620.31161,39.922871,116.344686
$GNGGA,3955.29232,11620.31158,39.922871,116.344686
$GNGGA,3955.29229,11620.31155,39.922870,116.344685
$GNGGA,3955.29228,11620.31155,39.922870,116.344685
$GNGGA,3955.29227,11620.31156,39.922870,116.344686
$GNGGA,3955.29225,11620.31158,39.922869,116.344686
$GNGGA,3955.29223,11620.31161,39.922869,116.344686
$GNGGA,3955.29221,11620.31165,39.922869,116.344687
$GNGGA,3955.29219,11620.31171,39.922868,116.344688
$GNGGA,3955.29220,11620.31174,39.922869,116.344689
$GNGGA,3955.29223,11620.31177,39.922869,116.344689
$GNGGA,3955.29226,11620.31181,39.922870,116.344690
$GNGGA,3955.29228,11620.31186,39.922870,116.344691
$GNGGA,3955.29230,11620.31189,39.922870,116.344691
$GNGGA,3955.29231,11620.31191,39.922871,116.344691
$GNGGA,3955.29232,11620.31192,39.922871,116.344692
$GNGGA,3955.29233,11620.31192,39.922871,116.344692
$GNGGA,3955.29234,11620.31192,39.922871,116.344692
$GNGGA,3955.29235,11620.31190,39.922871,116.344691
$GNGGA,3955.29238,11620.31189,39.922872,116.344691
$GNGGA,3955.29241,11620.31189,39.922872,116.344691
$GNGGA,3955.29243,11620.31188,39.922872,116.344691
$GNGGA,3955.29245,11620.31187,39.922873,116.344691
$GNGGA,3955.29245,11620.31187,39.922873,116.344691
$GNGGA,3955.29245,11620.31186,39.922873,116.344691
$GNGGA,3955.29247,11620.31185,39.922873,116.344690
$GNGGA,3955.29247,11620.31186,39.922873,116.344691
$GNGGA,3955.29245,11620.31188,39.922873,116.344691
$GNGGA,3955.29243,11620.31191,39.922873,116.344691
$GNGGA,3955.29240,11620.31194,39.922872,116.344692
$GNGGA,3955.29239,11620.31195,39.922872,116.344692
$GNGGA,3955.29238,11620.31197,39.922872,116.344692
$GNGGA,3955.29238,11620.31197,39.922872,116.344692
$GNGGA,3955.29240,11620.31197,39.922872,116.344692
$GNGGA,3955.29240,11620.31197,39.922872,116.344692
$GNGGA,3955.29241,11620.31199,39.922872,116.344693
$GNGGA,3955.29242,11620.31200,39.922872,116.344693
$GNGGA,3955.29243,11620.31202,39.922873,116.344693
$GNGGA,3955.29244,11620.31203,39.922873,116.344693
$GNGGA,3955.29244,11620.31201,39.922873,116.344693
$GNGGA,3955.29244,11620.31200,39.922873,116.344693
$GNGGA,3955.29244,11620.31199,39.922873,116.344693
$GNGGA,3955.29244,11620.31198,39.922873,116.344693
$GNGGA,3955.29244,11620.31197,39.922873,116.344692
$GNGGA,3955.29243,11620.31197,39.922873,116.344692
$GNGGA,3955.29243,11620.31197,39.922873,116.344692
$GNGGA,3955.29242,11620.31196,39.922872,116.344692
$GNGGA,3955.29242,11620.31197,39.922872,116.344692
$GNGGA,3955.29241,11620.31198,39.922872,116.344693
$GNGGA,3955.29239,11620.31199,39.922872,116.344693
$GNGGA,3955.29237,11620.31199,39.922872,116.344693
$GNGGA,3955.29235,11620.31199,39.922871,116.344693
$GNGGA,3955.29234,11620.31199,39.922871,116.344693
$GNGGA,3955.29232,11620.31199,39.922871,116.344693
$GNGGA,3955.29230,11620.31199,39.922870,116.344693
$GNGGA,3955.29229,11620.31198,39.922870,116.344693
$GNGGA,3955.29228,11620.31197,39.922870,116.344692
$GNGGA,3955.29227,11620.31197,39.922870,116.344692
$GNGGA,3955.29226,11620.31197,39.922870,116.344692
$GNGGA,3955.29226,11620.31197,39.922870,116.344692
$GNGGA,3955.29226,11620.31196,39.922870,116.344692
$GNGGA,3955.29225,11620.31196,39.922870,116.344692
$GNGGA,3955.29224,11620.31196,39.922869,116.344692
$GNGGA,3955.29223,11620.31195,39.922869,116.344692
$GNGGA,3955.29221,11620.31195,39.922869,116.344692
$GNGGA,3955.29220,11620.31194,39.922869,116.344692
$GNGGA,3955.29219,11620.31193,39.922869,116.344692
$GNGGA,3955.29219,11620.31193,39.922869,116.344692
$GNGGA,3955.29218,11620.31193,39.922868,116.344692
$GNGGA,3955.29218,11620.31192,39.922868,116.344692
$GNGGA,3955.29218,11620.31192,39.922868,116.344692
$GNGGA,3955.29218,11620.31192,39.922868,116.344692
$GNGGA,3955.29217,11620.31192,39.922868,116.344692
$GNGGA,3955.29217,11620.31191,39.922868,116.344691
$GNGGA,3955.29217,11620.31191,39.922868,116.344691
$GNGGA,3955.29218,11620.31191,39.922868,116.344691
$GNGGA,3955.29218,11620.31191,39.922868,116.344691
$GNGGA,3955.29218,11620.31190,39.922868,116.344691
$GNGGA,3955.29218,11620.31190,39.922868,116.344691
$GNGGA,3955.29219,11620.31189,39.922868,116.344691
$GNGGA,3955.29254,11620.31193,39.922874,116.344692
$GNGGA,3955.29341,11620.31187,39.922889,116.344691
$GNGGA,3955.29496,11620.31173,39.922915,116.344688
$GNGGA,3955.29708,11620.31154,39.922950,116.344685
$GNGGA,3955.29928,11620.31128,39.922987,116.344681
$GNGGA,3955.30176,11620.31095,39.923028,116.344675
$GNGGA,3955.30474,11620.31051,39.923078,116.344668
$GNGGA,3955.30817,11620.30999,39.923135,116.344659
$GNGGA,3955.31195,11620.30938,39.923198,116.344649
$GNGGA,3955.31593,11620.30868,39.923264,116.344638
$GNGGA,3955.31986,11620.30799,39.923330,116.344626
$GNGGA,3955.32406,11620.30730,39.923400,116.344615
$GNGGA,3955.32865,11620.30656,39.923476,116.344602
$GNGGA,3955.33356,11620.30571,39.923558,116.344588
$GNGGA,3955.33870,11620.30480,39.923643,116.344573
$GNGGA,3955.34406,11620.30382,39.923733,116.344556
$GNGGA,3955.34962,11620.30284,39.923825,116.344540
$GNGGA,3955.35540,11620.30191,39.923922,116.344525
$GNGGA,3955.36134,11620.30107,39.924021,116.344511
$GNGGA,3955.36722,11620.30033,39.924119,116.344498
$GNGGA,3955.37302,11620.29965,39.924215,116.344487
$GNGGA,3955.37880,11620.29897,39.924312,116.344476
$GNGGA,3955.38466,11620.29834,39.924409,116.344465
$GNGGA,3955.39041,11620.29768,39.924505,116.344454
$GNGGA,3955.39550,11620.29707,39.924590,116.344444
$GNGGA,3955.39989,11620.29663,39.924663,116.344436
$GNGGA,3955.40375,11620.29653,39.924727,116.344435
$GNGGA,3955.40736,11620.29681,39.924788,116.344439
$GNGGA,3955.41048,11620.29707,39.924840,116.344444
$GNGGA,3955.41289,11620.29708,39.924880,116.344444
$GNGGA,3955.41447,11620.29691,39.924906,116.344441
$GNGGA,3955.41523,11620.29681,39.924919,116.344440
$GNGGA,3955.41527,11620.29683,39.924919,116.344440
$GNGGA,3955.41533,11620.29683,39.924920,116.344440
$GNGGA,3955.41539,11620.29683,39.924921,116.344440
$GNGGA,3955.41543,11620.29684,39.924922,116.344440
$GNGGA,3955.41548,11620.29686,39.924923,116.344440
$GNGGA,3955.41553,11620.29687,39.924924,116.344441
$GNGGA,3955.41555,11620.29686,39.924924,116.344440
$GNGGA,3955.41558,11620.29685,39.924925,116.344440
$GNGGA,3955.41560,11620.29683,39.924925,116.344440
$GNGGA,3955.41563,11620.29682,39.924925,116.344440
$GNGGA,3955.41566,11620.29682,39.924926,116.344440
$GNGGA,3955.41570,11620.29681,39.924927,116.344440
$GNGGA,3955.41573,11620.29680,39.924927,116.344439
$GNGGA,3955.41575,11620.29678,39.924927,116.344439
$GNGGA,3955.41577,11620.29676,39.924928,116.344439
$GNGGA,3955.41580,11620.29674,39.924928,116.344438
$GNGGA,3955.41582,11620.29672,39.924929,116.344438
$GNGGA,3955.41585,11620.29671,39.924929,116.344438
$GNGGA,3955.41587,11620.29671,39.924929,116.344438
$GNGGA,3955.41589,11620.29667,39.924930,116.344437
$GNGGA,3955.41592,11620.29663,39.924930,116.344437
$GNGGA,3955.41593,11620.29661,39.924930,116.344436
$GNGGA,3955.41640,11620.29657,39.924938,116.344436
$GNGGA,3955.41727,11620.29647,39.924953,116.344434
$GNGGA,3955.41873,11620.29632,39.924977,116.344431
$GNGGA,3955.42092,11620.29610,39.925014,116.344428
$GNGGA,3955.42385,11620.29577,39.925062,116.344422
$GNGGA,3955.42743,11620.29538,39.925122,116.344416
$GNGGA,3955.43156,11620.29487,39.925191,116.344407
$GNGGA,3955.43580,11620.29435,39.925262,116.344398
$GNGGA,3955.44017,11620.29389,39.925334,116.344391
$GNGGA,3955.44503,11620.29329,39.925415,116.344381
$GNGGA,3955.45043,11620.29246,39.925505,116.344367
$GNGGA,3955.45634,11620.29169,39.925604,116.344354
$GNGGA,3955.46271,11620.29096,39.925710,116.344342
$GNGGA,3955.46945,11620.29004,39.925822,116.344327
$GNGGA,3955.47652,11620.28893,39.925940,116.344308
$GNGGA,3955.48391,11620.28738,39.926063,116.344282
$GNGGA,3955.49144,11620.28585,39.926189,116.344257
$GNGGA,3955.49894,11620.28484,39.926314,116.344240
$GNGGA,3955.50643,11620.28396,39.926438,116.344225
$GNGGA,3955.51405,11620.28302,39.926565,116.344209
$GNGGA,3955.52169,11620.28215,39.926693,116.344195
$GNGGA,3955.52912,11620.28136,39.926817,116.344182
$GNGGA,3955.53612,11620.28067,39.926933,116.344170
$GNGGA,3955.54242,11620.27993,39.927038,116.344158
$GNGGA,3955.54783,11620.27919,39.927128,116.344145
$GNGGA,3955.55240,11620.27861,39.927204,116.344136
$GNGGA,3955.55617,11620.27814,39.927267,116.344128
$GNGGA,3955.55916,11620.27775,39.927317,116.344121
$GNGGA,3955.56126,11620.27746,39.927352,116.344117
$GNGGA,3955.56250,11620.27726,39.927373,116.344113
$GNGGA,3955.56336,11620.27716,39.927387,116.344112
$GNGGA,3955.56402,11620.27709,39.927398,116.344110
$GNGGA,3955.56446,11620.27701,39.927405,116.344109
$GNGGA,3955.56475,11620.27698,39.927410,116.344109
$GNGGA,3955.56480,11620.27699,39.927411,116.344109
$GNGGA,3955.56482,11620.27697,39.927411,116.344108
$GNGGA,3955.56484,11620.27694,39.927412,116.344108
$GNGGA,3955.56485,11620.27687,39.927412,116.344107
$GNGGA,3955.56486,11620.27680,39.927412,116.344106
$GNGGA,3955.56488,11620.27674,39.927412,116.344105
$GNGGA,3955.56489,11620.27669,39.927413,116.344104
$GNGGA,3955.56490,11620.27663,39.927413,116.344103
$GNGGA,3955.56490,11620.27657,39.927413,116.344102
$GNGGA,3955.56491,11620.27653,39.927413,116.344101
$GNGGA,3955.56492,11620.27649,39.927413,116.344100
$GNGGA,3955.56494,11620.27646,39.927413,116.344100
$GNGGA,3955.56494,11620.27643,39.927413,116.344099
$GNGGA,3955.56495,11620.27641,39.927414,116.344099
$GNGGA,3955.56494,11620.27638,39.927413,116.344099
$GNGGA,3955.56494,11620.27636,39.927413,116.344098
$GNGGA,3955.56493,11620.27633,39.927413,116.344098
$GNGGA,3955.56494,11620.27631,39.927413,116.344097
$GNGGA,3955.56494,11620.27630,39.927413,116.344097
$GNGGA,3955.56494,11620.27628,39.927413,116.344097
$GNGGA,3955.56494,11620.27626,39.927413,116.344097
$GNGGA,3955.56494,11620.27624,39.927413,116.344096
$GNGGA,3955.56494,11620.27622,39.927413,116.344096
$GNGGA,3955.56495,11620.27620,39.927414,116.344096
$GNGGA,3955.56496,11620.27620,39.927414,116.344096
$GNGGA,3955.56497,11620.27619,39.927414,116.344095
$GNGGA,3955.56498,11620.27619,39.927414,116.344095
$GNGGA,3955.56499,11620.27618,39.927414,116.344095
$GNGGA,3955.56499,11620.27616,39.927414,116.344095
$GNGGA,3955.56500,11620.27614,39.927414,116.344095
$GNGGA,3955.56501,11620.27612,39.927415,116.344094
$GNGGA,3955.56502,11620.27611,39.927415,116.344094
$GNGGA,3955.56503,11620.27610,39.927415,116.344094
$GNGGA,3955.56552,11620.27607,39.927423,116.344093
$GNGGA,3955.56646,11620.27590,39.927439,116.344091
$GNGGA,3955.56772,11620.27573,39.927460,116.344088
$GNGGA,3955.56889,11620.27555,39.927479,116.344085
$GNGGA,3955.56978,11620.27542,39.927494,116.344083
$GNGGA,3955.57043,11620.27532,39.927505,116.344081
$GNGGA,3955.57077,11620.27523,39.927511,116.344079
$GNGGA,3955.57081,11620.27517,39.927511,116.344078
$GNGGA,3955.57086,11620.27514,39.927512,116.344078
$GNGGA,3955.57092,11620.27514,39.927513,116.344078
$GNGGA,3955.57098,11620.27516,39.927514,116.344078
$GNGGA,3955.57105,11620.27519,39.927515,116.344079
$GNGGA,3955.57111,11620.27523,39.927516,116.344079
$GNGGA,3955.57116,11620.27527,39.927517,116.344080
$GNGGA,3955.57121,11620.27533,39.927518,116.344081
$GNGGA,3955.57127,11620.27538,39.927519,116.344082
$GNGGA,3955.57133,11620.27542,39.927520,116.344083
$GNGGA,3955.57138,11620.27544,39.927521,116.344083
$GNGGA,3955.57141,11620.27546,39.927521,116.344083
$GNGGA,3955.57170,11620.27545,39.927526,116.344083
$GNGGA,3955.57252,11620.27538,39.927540,116.344082
$GNGGA,3955.57406,11620.27525,39.927565,116.344080
$GNGGA,3955.57630,11620.27506,39.927603,116.344077
$GNGGA,3955.57893,11620.27480,39.927647,116.344072
$GNGGA,3955.58145,11620.27450,39.927689,116.344067
$GNGGA,3955.58414,11620.27423,39.927733,116.344063
$GNGGA,3955.58707,11620.27393,39.927782,116.344058
$GNGGA,3955.58966,11620.27370,39.927825,116.344054
$GNGGA,3955.59181,11620.27349,39.927861,116.344050
$GNGGA,3955.59389,11620.27327,39.927896,116.344047
$GNGGA,3955.59593,11620.27304,39.927930,116.344043
$GNGGA,3955.59787,11620.27284,39.927962,116.344039
$GNGGA,3955.59980,11620.27262,39.927994,116.344036
$GNGGA,3955.60155,11620.27242,39.928023,116.344032
$GNGGA,3955.60309,11620.27226,39.928049,116.344030
$GNGGA,3955.60467,11620.27204,39.928075,116.344026
$GNGGA,3955.60665,11620.27183,39.928108,116.344023
$GNGGA,3955.60912,11620.27162,39.928150,116.344019
$GNGGA,3955.61194,11620.27146,39.928197,116.344016
$GNGGA,3955.61471,11620.27133,39.928243,116.344014
$GNGGA,3955.61731,11620.27122,39.928286,116.344012
$GNGGA,3955.62002,11620.27115,39.928331,116.344011
$GNGGA,3955.62304,11620.27101,39.928382,116.344009
$GNGGA,3955.62630,11620.27082,39.928436,116.344006
$GNGGA,3955.62987,11620.27076,39.928495,116.344005
$GNGGA,3955.63374,11620.27082,39.928560,116.344006
$GNGGA,3955.63799,11620.27092,39.928631,116.344008
$GNGGA,3955.64241,11620.27097,39.928704,116.344008
$GNGGA,3955.64665,11620.27104,39.928775,116.344010
$GNGGA,3955.65061,11620.27111,39.928841,116.344011
$GNGGA,3955.65433,11620.27113,39.928903,116.344011
$GNGGA,3955.65801,11620.27095,39.928964,116.344008
$GNGGA,3955.66174,11620.27042,39.929027,116.343999
$GNGGA,3955.66538,11620.26960,39.929087,116.343986
$GNGGA,3955.66901,11620.26891,39.929148,116.343974
$GNGGA,3955.67172,11620.26880,39.929193,116.343972
$GNGGA,3955.67386,11620.26891,39.929229,116.343974
$GNGGA,3955.67618,11620.26902,39.929267,116.343976
$GNGGA,3955.67877,11620.26914,39.929310,116.343978
$GNGGA,3955.68173,11620.26924,39.929360,116.343980
$GNGGA,3955.68506,11620.26935,39.929415,116.343981
$GNGGA,3955.68875,11620.26939,39.929477,116.343982
$GNGGA,3955.69283,11620.26944,39.929545,116.343983
$GNGGA,3955.69731,11620.26947,39.929619,116.343983
$GNGGA,3955.70216,11620.26954,39.929700,116.343985
$GNGGA,3955.70739,11620.26964,39.929787,116.343986
$GNGGA,3955.71301,11620.26977,39.929881,116.343988
$GNGGA,3955.71897,11620.26985,39.929980,116.343990
$GNGGA,3955.72528,11620.26990,39.930086,116.343991
$GNGGA,3955.73199,11620.26994,39.930197,116.343991
$GNGGA,3955.73901,11620.27007,39.930314,116.343994
$GNGGA,3955.74637,11620.27038,39.930437,116.343999
$GNGGA,3955.75384,11620.27085,39.930562,116.344007
$GNGGA,3955.76121,11620.27135,39.930685,116.344015
$GNGGA,3955.76851,11620.27180,39.930806,116.344022
$GNGGA,3955.77575,11620.27213,39.930927,116.344028
$GNGGA,3955.78264,11620.27230,39.931042,116.344031
$GNGGA,3955.78874,11620.27238,39.931143,116.344032
$GNGGA,3955.79393,11620.27246,39.931230,116.344034
$GNGGA,3955.79818,11620.27255,39.931301,116.344035
$GNGGA,3955.80145,11620.27251,39.931355,116.344034
$GNGGA,3955.80403,11620.27238,39.931398,116.344032
$GNGGA,3955.80638,11620.27174,39.931437,116.344022
$GNGGA,3955.80841,11620.27093,39.931471,116.344008
$GNGGA,3955.80968,11620.27059,39.931492,116.344002
$GNGGA,3955.81036,11620.27050,39.931504,116.344001
$GNGGA,3955.81079,11620.27045,39.931511,116.344000
$GNGGA,3955.81110,11620.27041,39.931516,116.343999
$GNGGA,3955.81114,11620.27040,39.931517,116.343999
$GNGGA,3955.81117,11620.27040,39.931517,116.343999
$GNGGA,3955.81120,11620.27041,39.931518,116.343999
$GNGGA,3955.81123,11620.27041,39.931518,116.343999
$GNGGA,3955.81125,11620.27039,39.931519,116.343999
$GNGGA,3955.81125,11620.27039,39.931519,116.343999
$GNGGA,3955.81125,11620.27039,39.931519,116.343999
$GNGGA,3955.81125,11620.27039,39.931519,116.343999
$GNGGA,3955.81125,11620.27037,39.931519,116.343999
$GNGGA,3955.81125,11620.27035,39.931519,116.343998
$GNGGA,3955.81126,11620.27034,39.931519,116.343998
$GNGGA,3955.81127,11620.27034,39.931519,116.343998
$GNGGA,3955.81128,11620.27034,39.931519,116.343998
$GNGGA,3955.81129,11620.27033,39.931519,116.343998
$GNGGA,3955.81130,11620.27033,39.931519,116.343998
$GNGGA,3955.81131,11620.27032,39.931520,116.343998
$GNGGA,3955.81131,11620.27031,39.931520,116.343998
$GNGGA,3955.81131,11620.27031,39.931520,116.343998
$GNGGA,3955.81131,11620.27031,39.931520,116.343998
$GNGGA,3955.81131,11620.27031,39.931520,116.343998
$GNGGA,3955.81132,11620.27031,39.931520,116.343998
$GNGGA,3955.81132,11620.27031,39.931520,116.343998
$GNGGA,3955.81134,11620.27032,39.931520,116.343998
$GNGGA,3955.81135,11620.27031,39.931520,116.343998
$GNGGA,3955.81137,11620.27030,39.931521,116.343998
$GNGGA,3955.81139,11620.27030,39.931521,116.343998
$GNGGA,3955.81140,11620.27029,39.931521,116.343997
$GNGGA,3955.81140,11620.27029,39.931521,116.343997
$GNGGA,3955.81141,11620.27029,39.931521,116.343997
$GNGGA,3955.81142,11620.27029,39.931521,116.343997
$GNGGA,3955.81143,11620.27028,39.931522,116.343997
$GNGGA,3955.81144,11620.27028,39.931522,116.343997
$GNGGA,3955.81146,11620.27028,39.931522,116.343997
$GNGGA,3955.81147,11620.27028,39.931522,116.343997
$GNGGA,3955.81149,11620.27028,39.931523,116.343997
$GNGGA,3955.81151,11620.27027,39.931523,116.343997
$GNGGA,3955.81152,11620.27028,39.931523,116.343997
$GNGGA,3955.81153,11620.27028,39.931523,116.343997
$GNGGA,3955.81155,11620.27028,39.931524,116.343997
$GNGGA,3955.81157,11620.27028,39.931524,116.343997
$GNGGA,3955.81159,11620.27029,39.931524,116.343997
$GNGGA,3955.81160,11620.27030,39.931524,116.343998
$GNGGA,3955.81162,11620.27030,39.931525,116.343998
$GNGGA,3955.81164,11620.27029,39.931525,116.343997
$GNGGA,3955.81193,11620.27024,39.931530,116.343997
$GNGGA,3955.81271,11620.27013,39.931543,116.343995
$GNGGA,3955.81395,11620.27011,39.931564,116.343994
$GNGGA,3955.81587,11620.27031,39.931596,116.343998
$GNGGA,3955.81858,11620.27064,39.931641,116.344003
$GNGGA,3955.82196,11620.27096,39.931697,116.344009
$GNGGA,3955.82544,11620.27120,39.931755,116.344013
$GNGGA,3955.82901,11620.27133,39.931815,116.344015
$GNGGA,3955.83299,11620.27151,39.931881,116.344018
$GNGGA,3955.83745,11620.27171,39.931955,116.344021
$GNGGA,3955.84233,11620.27173,39.932037,116.344021
$GNGGA,3955.84753,11620.27176,39.932123,116.344022
$GNGGA,3955.85298,11620.27192,39.932214,116.344025
$GNGGA,3955.85858,11620.27214,39.932307,116.344028
$GNGGA,3955.86408,11620.27245,39.932399,116.344034
$GNGGA,3955.86955,11620.27283,39.932490,116.344040
$GNGGA,3955.87503,11620.27327,39.932582,116.344047
$GNGGA,3955.88040,11620.27378,39.932671,116.344056
$GNGGA,3955.88591,11620.27429,39.932763,116.344064
$GNGGA,3955.89166,11620.27474,39.932859,116.344072
$GNGGA,3955.89740,11620.27503,39.932955,116.344077
$GNGGA,3955.90294,11620.27528,39.933047,116.344081
$GNGGA,3955.90831,11620.27568,39.933136,116.344088
$GNGGA,3955.91365,11620.27625,39.933225,116.344097
$GNGGA,3955.91906,11620.27680,39.933316,116.344106
$GNGGA,3955.92455,11620.27715,39.933407,116.344112
$GNGGA,3955.93013,11620.27726,39.933500,116.344114
$GNGGA,3955.93582,11620.27730,39.933595,116.344115
