$GNGGA,3956.10825,11620.23649,39.936468,116.343433
$GNGGA,3956.10380,11620.23997,39.936394,116.343491
$GNGGA,3956.09932,11620.24318,39.936319,116.343545
$GNGGA,3956.09480,11620.24607,39.936244,116.343593
$GNGGA,3956.09004,11620.24891,39.936165,116.343641
$GNGGA,3956.08507,11620.25169,39.936082,116.343687
$GNGGA,3956.07979,11620.25414,39.935994,116.343728
$GNGGA,3956.07430,11620.25624,39.935902,116.343763
$GNGGA,3956.06861,11620.25804,39.935808,116.343793
$GNGGA,3956.06264,11620.25963,39.935708,116.343820
$GNGGA,3956.05650,11620.26086,39.935606,116.343840
$GNGGA,3956.05014,11620.26173,39.935500,116.343855
$GNGGA,3956.04353,11620.26226,39.935390,116.343864
$GNGGA,3956.03676,11620.26250,39.935277,116.343868
$GNGGA,3956.02984,11620.26264,39.935162,116.343870
$GNGGA,3956.02297,11620.26277,39.935047,116.343872
$GNGGA,3956.01614,11620.26285,39.934933,116.343873
$GNGGA,3956.00919,11620.26277,39.934817,116.343872
$GNGGA,3956.00209,11620.26244,39.934699,116.343867
$GNGGA,3955.99486,11620.26189,39.934579,116.343857
$GNGGA,3955.98749,11620.26125,39.934456,116.343847
$GNGGA,3955.98004,11620.26064,39.934332,116.343837
$GNGGA,3955.97263,11620.26011,39.934208,116.343828
$GNGGA,3955.96550,11620.25963,39.934089,116.343820
$GNGGA,3955.95885,11620.25913,39.933978,116.343811
$GNGGA,3955.95249,11620.25847,39.933872,116.343800
$GNGGA,3955.94620,11620.25763,39.933767,116.343786
$GNGGA,3955.93987,11620.25666,39.933662,116.343770
$GNGGA,3955.93349,11620.25605,39.933556,116.343760
$GNGGA,3955.92725,11620.25585,39.933452,116.343756
$GNGGA,3955.92134,11620.25582,39.933353,116.343756
$GNGGA,3955.91618,11620.25590,39.933267,116.343757
$GNGGA,3955.91196,11620.25597,39.933197,116.343758
$GNGGA,3955.90855,11620.25597,39.933140,116.343758
$GNGGA,3955.90592,11620.25586,39.933096,116.343756
$GNGGA,3955.90393,11620.25578,39.933063,116.343755
$GNGGA,3955.90249,11620.25575,39.933039,116.343755
$GNGGA,3955.90142,11620.25579,39.933021,116.343755
$GNGGA,3955.90046,11620.25579,39.933005,116.343755
$GNGGA,3955.89959,11620.25579,39.932990,116.343755
$GNGGA,3955.89891,11620.25585,39.932979,116.343756
$GNGGA,3955.89855,11620.25591,39.932973,116.343757
$GNGGA,3955.89855,11620.25595,39.932973,116.343758
$GNGGA,3955.89853,11620.25598,39.932973,116.343758
$GNGGA,3955.89850,11620.25600,39.932972,116.343759
$GNGGA,3955.89849,11620.25601,39.932972,116.343759
$GNGGA,3955.89802,11620.25595,39.932964,116.343758
$GNGGA,3955.89710,11620.25589,39.932949,116.343757
$GNGGA,3955.89556,11620.25583,39.932923,116.343756
$GNGGA,3955.89329,11620.25583,39.932885,116.343756
$GNGGA,3955.89033,11620.25574,39.932836,116.343754
$GNGGA,3955.88679,11620.25564,39.932777,116.343753
$GNGGA,3955.88306,11620.25571,39.932715,116.343754
$GNGGA,3955.87953,11620.25619,39.932656,116.343762
$GNGGA,3955.87590,11620.25712,39.932596,116.343777
$GNGGA,3955.87196,11620.25825,39.932530,116.343796
$GNGGA,3955.86768,11620.25939,39.932459,116.343815
$GNGGA,3955.86345,11620.26047,39.932388,116.343833
$GNGGA,3955.85957,11620.26142,39.932324,116.343849
$GNGGA,3955.85660,11620.26213,39.932274,116.343861
$GNGGA,3955.85414,11620.26273,39.932233,116.343871
$GNGGA,3955.85136,11620.26337,39.932187,116.343882
$GNGGA,3955.84806,11620.26407,39.932132,116.343894
$GNGGA,3955.84426,11620.26469,39.932069,116.343904
$GNGGA,3955.83988,11620.26509,39.931996,116.343911
$GNGGA,3955.83485,11620.26548,39.931912,116.343917
$GNGGA,3955.82924,11620.26629,39.931818,116.343931
$GNGGA,3955.82316,11620.26711,39.931717,116.343944
$GNGGA,3955.81684,11620.26742,39.931612,116.343949
$GNGGA,3955.81056,11620.26737,39.931507,116.343949
$GNGGA,3955.80414,11620.26719,39.931400,116.343946
$GNGGA,3955.79742,11620.26698,39.931288,116.343942
$GNGGA,3955.79042,11620.26679,39.931171,116.343939
$GNGGA,3955.78318,11620.26665,39.931051,116.343936
$GNGGA,3955.77573,11620.26657,39.930926,116.343935
$GNGGA,3955.76825,11620.26656,39.930802,116.343935
$GNGGA,3955.76092,11620.26656,39.930680,116.343935
$GNGGA,3955.75360,11620.26651,39.930558,116.343934
$GNGGA,3955.74616,11620.26639,39.930434,116.343932
$GNGGA,3955.73854,11620.26622,39.930307,116.343929
$GNGGA,3955.73075,11620.26605,39.930177,116.343926
$GNGGA,3955.72278,11620.26592,39.930044,116.343924
$GNGGA,3955.71465,11620.26590,39.929908,116.343924
$GNGGA,3955.70641,11620.26594,39.929771,116.343924
$GNGGA,3955.69820,11620.26596,39.929634,116.343925
$GNGGA,3955.69015,11620.26588,39.929500,116.343923
$GNGGA,3955.68260,11620.26577,39.929374,116.343922
$GNGGA,3955.67550,11620.26570,39.929256,116.343920
$GNGGA,3955.66872,11620.26560,39.929143,116.343919
$GNGGA,3955.66204,11620.26549,39.929031,116.343917
$GNGGA,3955.65556,11620.26529,39.928923,116.343913
$GNGGA,3955.64961,11620.26506,39.928824,116.343910
$GNGGA,3955.64436,11620.26489,39.928737,116.343907
$GNGGA,3955.63952,11620.26481,39.928656,116.343905
$GNGGA,3955.63493,11620.26474,39.928580,116.343904
$GNGGA,3955.63051,11620.26472,39.928506,116.343904
$GNGGA,3955.62621,11620.26470,39.928434,116.343904
$GNGGA,3955.62196,11620.26465,39.928363,116.343903
$GNGGA,3955.61756,11620.26455,39.928290,116.343901
$GNGGA,3955.61286,11620.26455,39.928212,116.343901
$GNGGA,3955.60785,11620.26464,39.928128,116.343903
$GNGGA,3955.60258,11620.26495,39.928040,116.343908
$GNGGA,3955.59705,11620.26551,39.927948,116.343917
$GNGGA,3955.59124,11620.26620,39.927851,116.343929
$GNGGA,3955.58514,11620.26696,39.927750,116.343941
$GNGGA,3955.57878,11620.26774,39.927644,116.343954
$GNGGA,3955.57214,11620.26855,39.927533,116.343968
$GNGGA,3955.56524,11620.26939,39.927418,116.343982
$GNGGA,3955.55811,11620.27022,39.927299,116.343996
$GNGGA,3955.55095,11620.27102,39.927180,116.344009
$GNGGA,3955.54383,11620.27180,39.927061,116.344022
$GNGGA,3955.53663,11620.27255,39.926941,116.344035
$GNGGA,3955.52924,11620.27338,39.926818,116.344048
$GNGGA,3955.52175,11620.27430,39.926693,116.344064
$GNGGA,3955.51408,11620.27525,39.926566,116.344080
$GNGGA,3955.50624,11620.27614,39.926435,116.344094
$GNGGA,3955.49826,11620.27707,39.926302,116.344110
$GNGGA,3955.49027,11620.27806,39.926169,116.344126
$GNGGA,3955.48224,11620.27902,39.926035,116.344142
$GNGGA,3955.47412,11620.27992,39.925900,116.344157
$GNGGA,3955.46593,11620.28075,39.925763,116.344171
$GNGGA,3955.45771,11620.28161,39.925626,116.344186
$GNGGA,3955.44961,11620.28254,39.925491,116.344201
$GNGGA,3955.44156,11620.28341,39.925357,116.344216
$GNGGA,3955.43340,11620.28413,39.925221,116.344228
$GNGGA,3955.42529,11620.28475,39.925086,116.344238
$GNGGA,3955.41753,11620.28535,39.924957,116.344248
$GNGGA,3955.41016,11620.28594,39.924834,116.344258
$GNGGA,3955.40314,11620.28655,39.924717,116.344268
$GNGGA,3955.39643,11620.28717,39.924605,116.344278
$GNGGA,3955.38999,11620.28776,39.924498,116.344288
$GNGGA,3955.38375,11620.28828,39.924394,116.344297
$GNGGA,3955.37769,11620.28872,39.924293,116.344304
$GNGGA,3955.37196,11620.28919,39.924197,116.344312
$GNGGA,3955.36661,11620.28974,39.924108,116.344321
$GNGGA,3955.36163,11620.29026,39.924025,116.344330
$GNGGA,3955.35682,11620.29074,39.923945,116.344338
$GNGGA,3955.35218,11620.29124,39.923868,116.344346
$GNGGA,3955.34773,11620.29181,39.923794,116.344356
$GNGGA,3955.34341,11620.29241,39.923722,116.344366
$GNGGA,3955.33924,11620.29299,39.923652,116.344376
$GNGGA,3955.33503,11620.29369,39.923582,116.344387
$GNGGA,3955.33067,11620.29462,39.923509,116.344403
$GNGGA,3955.32627,11620.29576,39.923436,116.344422
$GNGGA,3955.32195,11620.29696,39.923364,116.344442
$GNGGA,3955.31757,11620.29817,39.923291,116.344462
$GNGGA,3955.31317,11620.29934,39.923218,116.344482
$GNGGA,3955.30882,11620.30037,39.923145,116.344499
$GNGGA,3955.30439,11620.30129,39.923072,116.344514
$GNGGA,3955.29977,11620.30211,39.922995,116.344528
$GNGGA,3955.29490,11620.30282,39.922913,116.344540
$GNGGA,3955.28976,11620.30320,39.922828,116.344546
$GNGGA,3955.28439,11620.30316,39.922738,116.344545
$GNGGA,3955.27873,11620.30297,39.922644,116.344542
$GNGGA,3955.27284,11620.30287,39.922546,116.344540
$GNGGA,3955.26672,11620.30277,39.922444,116.344539
$GNGGA,3955.26042,11620.30257,39.922339,116.344535
$GNGGA,3955.25414,11620.30230,39.922234,116.344531
$GNGGA,3955.24806,11620.30223,39.922133,116.344530
$GNGGA,3955.24199,11620.30243,39.922032,116.344533
$GNGGA,3955.23570,11620.30278,39.921927,116.344539
$GNGGA,3955.22913,11620.30320,39.921817,116.344546
$GNGGA,3955.22234,11620.30361,39.921704,116.344553
$GNGGA,3955.21523,11620.30406,39.921586,116.344560
$GNGGA,3955.20784,11620.30454,39.921462,116.344568
$GNGGA,3955.20019,11620.30510,39.921335,116.344578
$GNGGA,3955.19229,11620.30568,39.921203,116.344587
$GNGGA,3955.18409,11620.30624,39.921067,116.344597
$GNGGA,3955.17557,11620.30683,39.920925,116.344606
$GNGGA,3955.16696,11620.30733,39.920781,116.344615
$GNGGA,3955.15867,11620.30795,39.920643,116.344625
$GNGGA,3955.15125,11620.30876,39.920519,116.344639
$GNGGA,3955.14460,11620.30975,39.920408,116.344655
$GNGGA,3955.13857,11620.31070,39.920308,116.344671
$GNGGA,3955.13291,11620.31142,39.920214,116.344683
$GNGGA,3955.12726,11620.31194,39.920120,116.344692
$GNGGA,3955.12135,11620.31236,39.920021,116.344699
$GNGGA,3955.11514,11620.31271,39.919918,116.344704
$GNGGA,3955.10882,11620.31301,39.919812,116.344709
$GNGGA,3955.10238,11620.31316,39.919705,116.344712
$GNGGA,3955.09579,11620.31319,39.919595,116.344712
$GNGGA,3955.08903,11620.31311,39.919482,116.344711
$GNGGA,3955.08206,11620.31307,39.919366,116.344710
$GNGGA,3955.07489,11620.31324,39.919247,116.344713
$GNGGA,3955.06760,11620.31357,39.919125,116.344719
$GNGGA,3955.06018,11620.31402,39.919002,116.344726
$GNGGA,3955.05319,11620.31450,39.918885,116.344734
$GNGGA,3955.04750,11620.31492,39.918790,116.344741
$GNGGA,3955.04326,11620.31533,39.918720,116.344748
$GNGGA,3955.04058,11620.31554,39.918675,116.344752
$GNGGA,3955.03921,11620.31565,39.918652,116.344753
$GNGGA,3955.03857,11620.31571,39.918641,116.344754
$GNGGA,3955.03856,11620.31568,39.918641,116.344754
$GNGGA,3955.03859,11620.31568,39.918642,116.344754
$GNGGA,3955.03860,11620.31566,39.918642,116.344754
$GNGGA,3955.03860,11620.31566,39.918642,116.344754
$GNGGA,3955.03861,11620.31565,39.918642,116.344753
$GNGGA,3955.03863,11620.31566,39.918642,116.344754
$GNGGA,3955.03866,11620.31566,39.918643,116.344754
$GNGGA,3955.03869,11620.31565,39.918643,116.344753
$GNGGA,3955.03871,11620.31565,39.918644,116.344753
$GNGGA,3955.03874,11620.31565,39.918644,116.344753
$GNGGA,3955.03874,11620.31566,39.918644,116.344754
$GNGGA,3955.03874,11620.31566,39.918644,116.344754
$GNGGA,3955.03874,11620.31566,39.918644,116.344754
$GNGGA,3955.03873,11620.31567,39.918644,116.344754
$GNGGA,3955.03872,11620.31568,39.918644,116.344754
$GNGGA,3955.03871,11620.31567,39.918644,116.344754
$GNGGA,3955.03870,11620.31567,39.918644,116.344754
$GNGGA,3955.03869,11620.31568,39.918643,116.344754
$GNGGA,3955.03867,11620.31569,39.918643,116.344754
$GNGGA,3955.03866,11620.31570,39.918643,116.344754
$GNGGA,3955.03865,11620.31571,39.918643,116.344754
$GNGGA,3955.03863,11620.31573,39.918642,116.344755
$GNGGA,3955.03862,11620.31575,39.918642,116.344755
$GNGGA,3955.03862,11620.31575,39.918642,116.344755
$GNGGA,3955.03861,11620.31577,39.918642,116.344755
$GNGGA,3955.03861,11620.31579,39.918642,116.344756
$GNGGA,3955.03861,11620.31580,39.918642,116.344756
$GNGGA,3955.03860,11620.31580,39.918642,116.344756
$GNGGA,3955.03859,11620.31579,39.918642,116.344756
$GNGGA,3955.03858,11620.31580,39.918642,116.344756
$GNGGA,3955.03857,11620.31580,39.918641,116.344756
$GNGGA,3955.03856,11620.31580,39.918641,116.344756
$GNGGA,3955.03855,11620.31580,39.918641,116.344756
$GNGGA,3955.03854,11620.31579,39.918641,116.344756
$GNGGA,3955.03853,11620.31579,39.918641,116.344756
$GNGGA,3955.03851,11620.31580,39.918640,116.344756
$GNGGA,3955.03850,11620.31580,39.918640,116.344756
$GNGGA,3955.03849,11620.31580,39.918640,116.344756
$GNGGA,3955.03847,11620.31581,39.918640,116.344756
$GNGGA,3955.03846,11620.31580,39.918640,116.344756
$GNGGA,3955.03845,11620.31580,39.918639,116.344756
$GNGGA,3955.03843,11620.31581,39.918639,116.344756
$GNGGA,3955.03841,11620.31581,39.918639,116.344756
$GNGGA,3955.03841,11620.31581,39.918639,116.344756
$GNGGA,3955.03839,11620.31582,39.918638,116.344756
$GNGGA,3955.03838,11620.31582,39.918638,116.344756
$GNGGA,3955.03837,11620.31583,39.918638,116.344756
$GNGGA,3955.03836,11620.31583,39.918638,116.344756
$GNGGA,3955.03835,11620.31584,39.918638,116.344757
$GNGGA,3955.03834,11620.31583,39.918638,116.344756
$GNGGA,3955.03833,11620.31582,39.918637,116.344756
$GNGGA,3955.03832,11620.31582,39.918637,116.344756
$GNGGA,3955.03831,11620.31581,39.918637,116.344756
$GNGGA,3955.03830,11620.31581,39.918637,116.344756
$GNGGA,3955.03829,11620.31581,39.918637,116.344756
$GNGGA,3955.03828,11620.31582,39.918637,116.344756
$GNGGA,3955.03772,11620.31593,39.918627,116.344758
$GNGGA,3955.03661,11620.31605,39.918609,116.344760
$GNGGA,3955.03470,11620.31618,39.918577,116.344762
$GNGGA,3955.03201,11620.31640,39.918532,116.344766
$GNGGA,3955.02868,11620.31661,39.918477,116.344769
$GNGGA,3955.02492,11620.31684,39.918414,116.344773
$GNGGA,3955.02104,11620.31712,39.918349,116.344778
$GNGGA,3955.01694,11620.31737,39.918281,116.344782
$GNGGA,3955.01226,11620.31763,39.918203,116.344786
$GNGGA,3955.00711,11620.31790,39.918117,116.344791
$GNGGA,3955.00156,11620.31820,39.918025,116.344796
$GNGGA,3954.99598,11620.31854,39.917932,116.344802
$GNGGA,3954.99040,11620.31890,39.917839,116.344808
$GNGGA,3954.98458,11620.31930,39.917742,116.344814
$GNGGA,3954.97851,11620.31968,39.917641,116.344821
$GNGGA,3954.97219,11620.32012,39.917535,116.344828
$GNGGA,3954.96563,11620.32059,39.917426,116.344836
$GNGGA,3954.95886,11620.32103,39.917313,116.344843
$GNGGA,3954.95183,11620.32152,39.917196,116.344851
$GNGGA,3954.94462,11620.32208,39.917076,116.344861
$GNGGA,3954.93721,11620.32265,39.916952,116.344870
$GNGGA,3954.92965,11620.32320,39.916826,116.344879
$GNGGA,3954.92198,11620.32368,39.916698,116.344887
$GNGGA,3954.91418,11620.32413,39.916568,116.344895
$GNGGA,3954.90625,11620.32459,39.916436,116.344902
$GNGGA,3954.89838,11620.32507,39.916305,116.344910
$GNGGA,3954.89062,11620.32547,39.916176,116.344917
$GNGGA,3954.88290,11620.32584,39.916047,116.344923
$GNGGA,3954.87504,11620.32633,39.915916,116.344931
$GNGGA,3954.86698,11620.32694,39.915782,116.344942
$GNGGA,3954.85877,11620.32767,39.915645,116.344954
$GNGGA,3954.85044,11620.32833,39.915506,116.344965
$GNGGA,3954.84203,11620.32881,39.915366,116.344973
$GNGGA,3954.83351,11620.32929,39.915224,116.344981
$GNGGA,3954.82499,11620.32982,39.915082,116.344990
$GNGGA,3954.81661,11620.33022,39.914942,116.344996
$GNGGA,3954.80841,11620.33066,39.914806,116.345004
$GNGGA,3954.80046,11620.33108,39.914673,116.345011
$GNGGA,3954.79286,11620.33158,39.914547,116.345019
$GNGGA,3954.78570,11620.33203,39.914427,116.345027
$GNGGA,3954.77915,11620.33242,39.914318,116.345033
$GNGGA,3954.77306,11620.33279,39.914217,116.345039
$GNGGA,3954.76715,11620.33320,39.914118,116.345046
$GNGGA,3954.76133,11620.33368,39.914021,116.345054
$GNGGA,3954.75552,11620.33413,39.913924,116.345062
$GNGGA,3954.74947,11620.33457,39.913823,116.345069
$GNGGA,3954.74319,11620.33501,39.913719,116.345076
$GNGGA,3954.73669,11620.33563,39.913611,116.345087
$GNGGA,3954.72994,11620.33644,39.913498,116.345100
$GNGGA,3954.72298,11620.33738,39.913382,116.345116
$GNGGA,3954.71587,11620.33819,39.913264,116.345129
$GNGGA,3954.70885,11620.33868,39.913147,116.345137
$GNGGA,3954.70195,11620.33884,39.913032,116.345140
$GNGGA,3954.69520,11620.33878,39.912919,116.345139
$GNGGA,3954.68857,11620.33853,39.912809,116.345135
$GNGGA,3954.68199,11620.33809,39.912699,116.345128
$GNGGA,3954.67548,11620.33755,39.912590,116.345118
$GNGGA,3954.66909,11620.33697,39.912484,116.345109
$GNGGA,3954.66274,11620.33644,39.912378,116.345100
$GNGGA,3954.65648,11620.33586,39.912274,116.345090
$GNGGA,3954.65035,11620.33525,39.912171,116.345080
$GNGGA,3954.64449,11620.33459,39.912074,116.345069
$GNGGA,3954.63904,11620.33394,39.911983,116.345058
$GNGGA,3954.63372,11620.33335,39.911894,116.345048
$GNGGA,3954.62846,11620.33290,39.911807,116.345041
$GNGGA,3954.62330,11620.33251,39.911721,116.345034
$GNGGA,3954.61824,11620.33215,39.911636,116.345028
$GNGGA,3954.61325,11620.33170,39.911553,116.345021
$GNGGA,3954.60840,11620.33106,39.911472,116.345010
$GNGGA,3954.60366,11620.33019,39.911393,116.344995
$GNGGA,3954.59883,11620.32908,39.911313,116.344977
$GNGGA,3954.59376,11620.32775,39.911228,116.344955
$GNGGA,3954.58854,11620.32632,39.911141,116.344931
$GNGGA,3954.58330,11620.32493,39.911054,116.344907
$GNGGA,3954.57799,11620.32354,39.910965,116.344884
$GNGGA,3954.57245,11620.32201,39.910873,116.344859
$GNGGA,3954.56667,11620.32029,39.910776,116.344830
$GNGGA,3954.56059,11620.31844,39.910675,116.344799
$GNGGA,3954.55423,11620.31653,39.910569,116.344767
$GNGGA,3954.54766,11620.31451,39.910459,116.344733
$GNGGA,3954.54084,11620.31250,39.910345,116.344700
$GNGGA,3954.53401,11620.31054,39.910232,116.344667
$GNGGA,3954.52729,11620.30860,39.910120,116.344635
$GNGGA,3954.52057,11620.30659,39.910007,116.344601
$GNGGA,3954.51370,11620.30448,39.909893,116.344566
$GNGGA,3954.50672,11620.30241,39.909776,116.344531
$GNGGA,3954.49959,11620.30029,39.909658,116.344496
$GNGGA,3954.49239,11620.29809,39.909538,116.344459
