116.43971	39.94086
116.43578	39.94141
116.43511	39.93521
116.43531	39.93427
116.43519	39.9369
116.43591	39.94036
116.43515	39.93665
116.43688	39.94011
116.43704	39.94032
116.44181	39.93694
116.43748	39.94028
116.43566	39.93839
116.43674	39.93497
116.43575	39.93657
116.43671	39.94027
116.44183	39.93668
116.44183	39.9366
116.43479	39.93681
116.44211	39.93686
116.44118	39.93667
116.43519	39.94026
116.4389	39.9388
116.44145	39.93695
116.43515	39.93662
116.44275	39.93665
116.39351	39.92692
116.3994	39.92614
116.39353	39.92644
116.39345	39.92666
116.42612	39.93489
116.41708	39.932
116.39394	39.93377
116.39554	39.93367
116.39605	39.9348
116.3956	39.93941
116.39443	39.93902
116.39381	39.93915
116.41004	39.96937
116.40404	39.96919
116.42504	39.95051
116.40861	39.94558
116.41691	39.93624
116.41736	39.93475
116.40289	39.93644
116.39328	39.95677
116.40329	39.93962
116.39181	39.95515
116.40801	39.94807
116.41688	39.96491
116.41348	39.95943
116.41648	39.94696
116.40076	39.94065
116.42562	39.93529
116.43185	39.9417
116.42971	39.93389
116.42803	39.93434
116.42557	39.9361
116.42561	39.93556
116.42594	39.94059
116.42547	39.93871
116.4257	39.93161
116.42784	39.94077
116.42571	39.93131
116.4275	39.93391
116.42787	39.93991
116.42595	39.94037
116.42987	39.94079
116.43142	39.93871
116.42941	39.9339
116.4261	39.93547
116.42826	39.93434
116.42542	39.94058
116.43026	39.93395
116.43207	39.94055
116.42624	39.93434
116.42452	39.9408
116.42484	39.94083
116.4261	39.93472
116.42611	39.9347
116.42812	39.93387
116.43141	39.94243
116.43135	39.94242
116.43125	39.94131
116.42564	39.93459
116.42547	39.93933
116.4261	39.936
116.42613	39.93564
116.43151	39.94243
116.4254	39.94432
116.42752	39.94076
116.42688	39.94075
116.42545	39.93913
116.42917	39.94078
116.42595	39.94028
116.3851	39.95351
116.39383	39.95314
116.38789	39.95352
116.39336	39.95481
116.38555	39.95126
116.39385	39.9509
116.39031	39.95246
116.3851	39.95153
116.3845	39.95126
116.39337	39.95472
116.38535	39.95123
116.39384	39.93368
116.39259	39.94087
116.38337	39.95792
116.38729	39.95252
116.39093	39.93628
116.391	39.93668
116.407	39.97519
116.40729	39.96627
116.40244	39.96956
116.39917	39.96925
116.40075	39.96988
116.40922	39.97162
116.40853	39.96953
116.40261	39.96709
116.40728	39.96633
116.39816	39.93366
116.39502	39.93895
116.39537	39.93907
116.39531	39.93932
116.40302	39.93667
116.40304	39.93943
116.4033	39.9346
116.40328	39.93664
116.40304	39.93889
116.39584	39.94401
116.40295	39.94062
116.39681	39.93366
116.39664	39.93366
116.402	39.9407
116.40305	39.93506
116.40304	39.93586
116.40329	39.9367
116.39473	39.93369
116.39574	39.93367
116.39607	39.93433
116.39562	39.93914
116.39562	39.93941
116.39604	39.93577
116.4033	39.93476
116.4033	39.93809
116.40326	39.93926
116.40298	39.94026
116.40329	39.93544
116.40304	39.93589
116.39893	39.93368
116.40304	39.93808
116.40304	39.9379
116.40328	39.93727
116.40329	39.9369
116.39609	39.93501
116.39588	39.9397
116.39506	39.9337
116.39593	39.93828
116.4028	39.94099
116.3962	39.93855
116.4033	39.9396
116.4026	39.9407
116.403	39.94
116.40304	39.93872
116.40304	39.93789
116.39613	39.94003
116.39586	39.93997
116.40329	39.93659
116.39997	39.95136
116.41176	39.95942
116.40871	39.95593
116.39564	39.95508
116.3957	39.95782
116.39851	39.96347
116.40117	39.96407
116.40576	39.95922
116.40497	39.96232
116.40737	39.96353
116.39634	39.96343
116.40836	39.95957
116.39485	39.95137
116.39689	39.96338
116.40828	39.96302
116.39777	39.96346
116.40741	39.96234
116.40837	39.96189
116.40862	39.9448
116.40393	39.9407
116.41021	39.93363
116.41038	39.93363
116.41206	39.93197
116.40874	39.94295
116.40837	39.93907
116.4083	39.94104
116.40859	39.9337
116.40552	39.94072
116.40676	39.9407
116.4081	39.94602
116.40907	39.93419
116.4086	39.94605
116.40499	39.94072
116.40654	39.94071
116.40709	39.94075
116.40836	39.93883
116.40772	39.9351
116.40651	39.9351
116.40851	39.94812
116.41488	39.94059
116.41657	39.94374
116.41717	39.93833
116.4168	39.94611
116.41663	39.94254
116.41709	39.93969
116.41708	39.93982
116.41658	39.9436
116.41708	39.93202
116.4173	39.93617
116.42216	39.93529
116.41706	39.94146
116.4168	39.93898
116.41654	39.94539
116.41652	39.94509
116.42208	39.94078
116.42265	39.9408
116.41951	39.94077
116.41729	39.93603
116.41716	39.93838
116.4233	39.9431
116.41689	39.94437
116.41635	39.94534
116.41924	39.93394
116.41663	39.94257
116.41664	39.94211
116.41718	39.9382
116.41741	39.93184
116.41711	39.93896
116.41655	39.94454
116.41691	39.94447
116.41721	39.9375
116.41696	39.93277
116.41655	39.94467
116.41606	39.96517
116.41697	39.96521
116.41107	39.96624
116.41789	39.96572
116.42455	39.95725
116.41387	39.96274
116.41456	39.96952
116.41775	39.96294
116.41673	39.96521
116.42067	39.9575
116.41134	39.94951
116.4173	39.93612
116.41728	39.93626
116.41723	39.93654
116.41679	39.93791
116.41681	39.93903
116.42534	39.9462
116.41729	39.93588
116.41669	39.93987
116.41709	39.9317
116.41651	39.94515
116.41684	39.93738
116.41471	39.94059
116.42011	39.94908
116.42245	39.95077
116.42252	39.93389
116.4157	39.94052
116.41969	39.94077
116.41712	39.93877
116.42584	39.94468
116.42573	39.9481
116.42489	39.95217
116.42052	39.94168
116.41739	39.94167
116.41685	39.94396
116.4169	39.9444
116.41257	39.94563
116.41749	39.94112
116.41724	39.93729
116.4326	39.93935
116.42571	39.93106
116.43246	39.94041
116.42468	39.95725
116.42544	39.95973
116.42105	39.94898
116.42486	39.95643
116.42376	39.95751
116.43271	39.95868
116.42487	39.95664
116.42486	39.9567
116.42636	39.95329
116.42446	39.95752
116.42458	39.95726
116.42554	39.9597
116.41981	39.95417
116.41775	39.96261
116.42068	39.94845
116.41686	39.96521
116.42051	39.96192
116.41473	39.96218
116.41378	39.96448
116.421	39.95747
116.42557	39.95613
116.42554	39.95633
116.43249	39.95136
116.39569	39.95353
116.38621	39.96028
116.39545	39.96498
116.40196	39.96606
116.39931	39.96919
116.39716	39.96686
116.3948	39.95448
116.39552	39.95933
116.38171	39.95543
116.40252	39.96914
116.39731	39.96688
116.39591	39.9391
116.39548	39.93911
116.3943	39.9393
116.3952	39.93899
116.3946	39.93926
116.39595	39.93927
116.39618	39.93862
116.39797	39.95166
116.39961	39.95166
116.39505	39.95172
116.39382	39.94361
116.39706	39.93326
116.3974	39.93367
116.40178	39.94071
116.39606	39.93563
116.39883	39.93368
116.39718	39.94093
116.39428	39.93903
116.39608	39.93509
116.39606	39.93423
116.39565	39.93941
116.39557	39.93943
116.39408	39.93908
116.39592	39.93802
116.39893	39.95137
116.39475	39.93897
116.39507	39.93896
116.39535	39.93608
116.39608	39.93398
116.39605	39.93484
116.39143	39.94054
116.39432	39.93903
116.39344	39.93926
116.39394	39.93368
116.39669	39.94479
116.3976	39.94064
116.39344	39.95162
116.39385	39.95234
116.39617	39.93867
116.4012	39.93366
116.4033	39.93552
116.40303	39.9361
116.40304	39.938
116.40304	39.93871
116.4033	39.93472
116.40302	39.93433
116.40304	39.9346
116.40279	39.93433
116.40293	39.93434
116.4033	39.93464
116.40295	39.93504
116.40293	39.9362
116.40303	39.9358
116.40304	39.93573
116.40303	39.93731
116.40836	39.93892
116.40305	39.93527
116.40296	39.93644
116.40304	39.93592
116.40885	39.93803
116.40859	39.93376
116.40303	39.93676
116.40284	39.93615
116.40329	39.93547
116.40304	39.93543
116.40907	39.93372
116.40329	39.93656
116.40883	39.93827
116.40304	39.93764
116.40304	39.93837
116.40304	39.93657
116.40297	39.94009
116.40829	39.94019
116.40321	39.94043
116.40863	39.94453
116.40322	39.94045
116.40351	39.93999
116.40452	39.94071
116.40333	39.9407
116.40819	39.94323
116.40295	39.94051
116.40408	39.93997
116.40209	39.94071
116.40865	39.94436
116.40861	39.94579
116.40508	39.94073
116.40193	39.94099
116.40877	39.94178
116.40297	39.94034
116.40326	39.94024
116.406	39.941
116.40379	39.941
116.40705	39.94075
116.40725	39.94075
116.40297	39.94004
116.40825	39.94263
116.4086	39.946
116.40271	39.94484
116.40297	39.94022
116.40329	39.93968
116.41255	39.9411
116.41567	39.94015
116.41391	39.94045
116.40985	39.94055
116.41652	39.9453
116.41433	39.94254
116.4135	39.93881
116.4155	39.94536
116.41655	39.94535
116.40903	39.94104
116.41621	39.94567
116.41639	39.94621
116.41656	39.94368
116.41668	39.93982
116.40417	39.96216
116.43196	39.95775
116.42489	39.95713
116.40758	39.95184
116.4204	39.9487
116.40855	39.94709
116.4253	39.94713
116.42069	39.94892
116.41786	39.9619
116.40864	39.95269
116.40733	39.96384
116.4178	39.96239
116.42412	39.95752
116.40851	39.94746
116.42411	39.96058
116.4085	39.95941
116.40801	39.948
116.42576	39.94679
116.40294	39.94741
116.41647	39.94679
116.41206	39.94827
116.41425	39.96171
116.41228	39.94828
116.40766	39.95557
116.40627	39.9573
116.40866	39.94748
116.40827	39.96327
116.40747	39.96139
116.40864	39.95263
116.40749	39.96179
116.42135	39.94839
116.41209	39.94855
116.41869	39.9634
116.40742	39.96257
116.41098	39.96941
116.40877	39.96742
116.41183	39.96867
116.41157	39.96863
116.40705	39.97219
116.40582	39.97024
116.41833	39.93387
116.42401	39.93387
116.42377	39.94078
116.4168	39.93868
116.41684	39.938
116.42236	39.93421
116.42146	39.93391
116.41688	39.94283
116.41702	39.9405
116.41703	39.94045
116.4168	39.93891
116.42011	39.94346
116.4174	39.93197
116.41927	39.94076
116.41709	39.9318
116.41728	39.9362
116.42302	39.93393
116.41728	39.94308
116.41679	39.93887
116.41704	39.94153
116.41791	39.94113
116.41727	39.93519
116.41798	39.9373
116.42169	39.9371
116.42149	39.94038
116.42214	39.94079
116.41711	39.93888
116.4171	39.93911
116.4174	39.9319
116.41743	39.93131
116.42278	39.94117
116.40161	39.92553
116.40416	39.92442
116.40283	39.92561
116.40814	39.9241
116.40904	39.92416
116.40809	39.92454
116.40549	39.92416
116.40415	39.9241
116.40407	39.9241
116.40921	39.92995
116.41068	39.9276
116.40253	39.92367
116.40804	39.9241
116.40345	39.92523
116.40712	39.92413
116.3992	39.93036
116.42893	39.92472
116.4171	39.93013
116.41709	39.93111
116.42102	39.92409
116.41468	39.92461
116.41732	39.92359
116.41755	39.92707
116.41755	39.92701
116.41756	39.92772
116.41722	39.92766
116.4259	39.92469
116.42603	39.92477
116.41754	39.92829
116.42247	39.9241
116.41756	39.92711
116.42571	39.93096
116.41712	39.93029
116.41638	39.92539
116.43281	39.92927
116.41544	39.92544
116.41748	39.93054
116.41647	39.92538
116.41761	39.92603
116.42766	39.92471
116.41752	39.92958
116.41768	39.92859
116.41419	39.92403
116.41725	39.9275
116.42266	39.92411
116.41729	39.9268
116.42197	39.9241
116.41731	39.92605
116.43493	39.95472
116.43657	39.93873
116.43654	39.93935
116.4449	39.94399
116.43645	39.93348
116.43624	39.93915
116.44553	39.9415
116.43658	39.93863
116.44362	39.93576
116.44443	39.93883
116.44472	39.93665
116.43622	39.93927
116.43963	39.9481
116.43459	39.94406
116.4358	39.93989
116.4357	39.94035
116.44051	39.95037
116.43966	39.9481
116.44531	39.94835
116.43654	39.93945
116.43654	39.93966
116.43936	39.94463
116.44362	39.93618
116.4382	39.92402
116.43717	39.93341
116.43984	39.93094
116.4435	39.92798
116.44154	39.92677
116.43769	39.92724
116.45109	39.94749
116.45032	39.95026
116.44856	39.94849
116.44885	39.94827
116.38456	39.95125
116.38316	39.95121
116.38225	39.95909
116.38143	39.95545
116.39067	39.9336
116.4047	39.92441
116.39635	39.93497
116.40117	39.94067
116.39941	39.94094
116.3996	39.9407
116.40316	39.95166
116.40388	39.95132
116.39502	39.95285
116.39589	39.93952
116.39869	39.94092
116.40112	39.95167
116.4013	39.95166
116.39451	39.93929
116.39957	39.94296
116.40304	39.93876
116.40305	39.93863
116.39394	39.93938
116.39416	39.93933
116.39399	39.93937
116.40356	39.9407
116.39862	39.94063
116.40364	39.95132
116.39389	39.94178
116.40235	39.941
116.40114	39.94067
116.39388	39.95041
116.40373	39.94069
116.39973	39.92622
116.41877	39.92465
116.41738	39.92385
116.40959	39.92415
116.41314	39.92403
116.39893	39.93323
116.4106	39.92747
116.39921	39.93324
116.41755	39.92839
116.40829	39.92409
116.41634	39.92539
116.4026	39.92561
116.39351	39.93326
116.42135	39.93389
116.39212	39.93324
116.41758	39.92755
116.3973	39.93367
116.41544	39.93326
116.41569	39.93327
116.40941	39.93365
116.40828	39.93366
116.42089	39.93395
116.41747	39.93042
116.41745	39.93165
116.42145	39.93029
116.39973	39.92579
116.39963	39.92721
116.39579	39.96338
116.40739	39.96308
116.40789	39.97364
116.40184	39.96726
116.40576	39.96144
116.40087	39.96916
116.40421	39.97029
116.39949	39.9692
116.41909	39.95901
116.41984	39.95952
116.39662	39.9631
116.41086	39.97228
116.41108	39.96995
116.41177	39.9699
116.4179	39.96528
116.40433	39.96921
116.40447	39.96921
116.41034	39.96944
116.39772	39.96685
116.40352	39.97025
116.39584	39.96307
116.42073	39.961
116.41419	39.96415
116.40794	39.97257
116.40853	39.9509
116.41826	39.94113
116.40816	39.94429
116.4169	39.9362
116.41651	39.94579
116.407	39.95134
116.41546	39.94059
116.41659	39.94278
116.40855	39.94716
116.41681	39.93907
116.40642	39.94071
116.40837	39.93899
116.41062	39.94055
116.40893	39.93625
116.41688	39.94306
116.40754	39.95305
116.41722	39.93682
116.41657	39.94435
116.40817	39.94423
116.41688	39.94241
116.41688	39.93647
116.41641	39.94756
116.41722	39.93734
116.41739	39.94493
116.40835	39.94073
116.41679	39.93879
116.40882	39.93895
116.41708	39.93988
116.40934	39.94106
116.4094	39.94106
116.40948	39.94106
116.40851	39.9511
116.40898	39.93544
116.42089	39.94899
116.41701	39.94166
116.40864	39.94429
116.40822	39.9439
116.41688	39.94304
116.41873	39.9431
116.40806	39.94101
116.41659	39.94291
116.41687	39.94335
116.40831	39.93979
116.41594	39.95019
116.41719	39.94145
116.41884	39.96875
116.41749	39.92984
116.41754	39.92828
116.41757	39.92762
116.41762	39.92565
116.41756	39.92903
116.41832	39.94075
116.4188	39.9589
116.42543	39.92468
116.42239	39.92343
116.42238	39.92379
116.4274	39.92471
116.40394	39.92411
116.42597	39.92578
116.40572	39.92416
116.43394	39.92348
116.43227	39.92808
116.42838	39.93387
116.4308	39.93427
116.42878	39.94079
116.4311	39.94131
116.43015	39.93393
116.4295	39.94079
116.42778	39.93389
116.42645	39.92637
116.43055	39.93347
116.43063	39.93256
116.42936	39.94079
116.4303	39.9408
116.42556	39.93393
116.42795	39.93344
116.4224	39.93343
116.42721	39.92913
116.42614	39.93388
116.43236	39.95735
116.433	39.95233
116.43199	39.95721
116.43997	39.95114
116.4229	39.95902
116.43997	39.9509
116.43997	39.95083
116.42493	39.95905
116.43191	39.95848
116.42488	39.95704
116.43267	39.95882
116.43217	39.95526
116.42382	39.95424
116.43184	39.95064
116.43209	39.95065
116.43368	39.96
116.42562	39.95244
116.42563	39.95166
116.44094	39.92622
116.43949	39.92676
116.44016	39.92708
116.44325	39.92848
116.44291	39.93664
116.43955	39.9368
116.43646	39.93522
116.43646	39.93524
116.43854	39.93396
116.44398	39.93675
116.44461	39.93839
116.44059	39.92824
116.43661	39.93808
116.44454	39.93662
116.4367	39.93646
116.43628	39.93921
116.43658	39.93859
116.43528	39.93354
116.44038	39.939
116.43949	39.93681
116.43759	39.94082
116.4436	39.934
116.43807	39.93714
116.44373	39.93481
116.43923	39.92707
116.43233	39.95211
116.44476	39.93937
116.43462	39.94362
116.45063	39.94739
116.45068	39.94732
116.44976	39.95061
116.44986	39.94739
116.44484	39.94491
116.45066	39.94831
116.44801	39.9468
116.43245	39.95156
116.44489	39.93966
116.45057	39.94821
116.43469	39.94336
116.44485	39.94435
116.43923	39.94778
116.43665	39.94005
116.4326	39.95213
116.44551	39.94677
116.43458	39.94401
116.44477	39.94012
116.43628	39.93942
116.44501	39.94141
116.4449	39.94325
116.43827	39.94149
116.43462	39.94377
116.43453	39.94286
116.43555	39.94219
116.4449	39.94391
116.43461	39.9438
116.43246	39.95068
116.43275	39.95138
116.44841	39.95102
116.4488	39.94832
116.44822	39.94938
116.38135	39.95368
116.41453	39.96949
116.41152	39.9694
116.40701	39.97185
116.40244	39.96928
116.4126	39.96988
116.41426	39.96951
116.41329	39.96944
116.41182	39.96941
116.41171	39.96941
116.41159	39.96941
116.40779	39.97063
116.40792	39.97181
116.4081	39.97248
116.40849	39.97252
116.4079	39.9753
116.40787	39.97669
116.40278	39.96919
116.41558	39.96949
116.41705	39.96996
116.39169	39.93407
116.39375	39.94656
116.39198	39.93704
116.39387	39.94231
116.39253	39.94123
116.38774	39.95128
116.38723	39.95442
116.39222	39.95689
116.39373	39.95562
116.38931	39.95134
116.39359	39.95
116.39388	39.95002
116.38201	39.95813
116.39266	39.96294
116.39276	39.96295
116.38261	39.9512
116.39386	39.95072
116.39082	39.9513
116.39564	39.9552
116.39568	39.95358
116.38227	39.95953
116.393	39.96295
116.3955	39.93912
116.399	39.94065
116.39634	39.9353
116.39475	39.93867
116.39864	39.94092
116.39817	39.94094
116.39616	39.93951
116.39635	39.93522
116.40109	39.94067
116.39589	39.93961
116.4081	39.94599
116.40077	39.95136
116.39623	39.95138
116.40807	39.94819
116.40808	39.94666
116.40854	39.94841
116.39564	39.94544
116.40818	39.94454
116.40783	39.95255
116.40817	39.94527
116.40348	39.95134
116.40818	39.94457
116.3961	39.95138
116.39506	39.9493
116.39877	39.95136
116.40622	39.94771
116.40817	39.9444
116.40817	39.94451
116.40813	39.9463
116.40767	39.95642
116.40095	39.9682
116.4056	39.96521
116.40557	39.96473
116.40742	39.96496
116.40738	39.96329
116.4074	39.96301
116.40742	39.96242
116.40751	39.95991
116.40751	39.95983
116.40607	39.96191
116.40664	39.96191
116.40666	39.97282
116.40245	39.96965
116.4026	39.9692
116.40182	39.96735
116.4053	39.9623
116.39774	39.9631
116.39636	39.96308
116.39633	39.96308
116.40766	39.95687
116.40523	39.95917
116.40713	39.97172
116.39592	39.95696
116.40101	39.9682
116.40257	39.95771
116.40408	39.95703
116.3964	39.96345
116.40302	39.96289
116.40527	39.95869
116.39579	39.96308
116.39862	39.96347
116.40723	39.93321
116.40907	39.93403
116.39645	39.93387
116.39786	39.93368
116.4059	39.92744
116.40307	39.92533
116.40654	39.93318
116.40603	39.92376
116.40611	39.92418
116.40564	39.92416
116.40728	39.92413
116.3993	39.93324
116.4085	39.92411
116.40788	39.9241
116.40736	39.92413
116.39904	39.92547
116.39608	39.93396
116.40428	39.92439
116.40358	39.92396
116.40704	39.9332
116.40921	39.93083
116.40604	39.92366
116.39644	39.93412
116.40604	39.92406
116.4096	39.93187
116.40329	39.93673
116.40828	39.94029
116.40305	39.93575
116.40329	39.93653
116.40879	39.94159
116.40293	39.94044
116.40304	39.93803
116.40882	39.93888
116.40385	39.941
116.40359	39.93547
116.40503	39.94072
116.40717	39.94074
116.40837	39.93869
116.40304	39.93869
116.40304	39.93835
116.40304	39.93792
116.40591	39.94101
116.40607	39.941
116.40258	39.941
116.40505	39.94073
116.40617	39.94072
116.40303	39.93961
116.4033	39.93965
116.40321	39.94055
116.40822	39.9429
116.40268	39.94069
116.40712	39.94074
116.40545	39.9407
116.40229	39.93861
116.40636	39.941
116.40878	39.93907
116.40786	39.93911
116.4065	39.94071
116.40304	39.93475
116.40303	39.93503
116.40329	39.93542
116.4077	39.94077
116.40305	39.93811
116.40894	39.93669
116.41804	39.95902
116.41886	39.96875
116.41889	39.96883
116.41147	39.96852
116.41775	39.96287
116.41419	39.95901
116.41388	39.95945
116.4101	39.96488
116.41778	39.96248
116.41111	39.95981
116.4174	39.96523
116.41459	39.96949
116.41869	39.96327
116.41876	39.96239
116.41108	39.96597
116.41608	39.96377
116.41879	39.95898
116.41729	39.92688
116.41683	39.92783
116.41094	39.92736
116.41057	39.9264
116.41728	39.92641
116.41761	39.92572
116.42346	39.93345
116.41956	39.92465
116.41741	39.93167
116.4171	39.93039
116.42116	39.93345
116.41822	39.92464
116.42296	39.9241
116.41825	39.92497
116.41652	39.92538
116.41729	39.92676
116.41718	39.92959
116.42111	39.93394
116.41743	39.93127
116.41759	39.92624
116.41761	39.92559
116.41747	39.93044
116.41766	39.92463
116.41848	39.93025
116.41749	39.93046
116.41677	39.93386
116.41756	39.92895
116.4234	39.93345
116.41743	39.93136
116.41754	39.92928
116.41409	39.92462
116.4175	39.92982
116.4168	39.93775
116.41692	39.93683
116.42255	39.94581
116.42194	39.95721
116.41719	39.93794
116.42054	39.95529
116.41639	39.94568
116.42257	39.94078
116.42383	39.94077
116.41416	39.94059
116.41691	39.93607
116.42303	39.94802
116.41153	39.94391
116.4169	39.94418
116.41212	39.94057
116.41656	39.95701
116.41836	39.94075
116.41685	39.93747
116.41687	39.93757
116.41642	39.94535
116.41654	39.94483
116.41721	39.93751
116.42023	39.95749
116.41848	39.94907
116.41658	39.94382
116.41689	39.93633
116.41916	39.94804
116.41109	39.94056
116.41601	39.9406
116.42172	39.94079
116.4166	39.94315
116.41689	39.94198
116.38172	39.95814
116.39071	39.9568
116.39207	39.95516
116.39249	39.96295
116.38723	39.95519
116.39045	39.95708
116.39236	39.96296
116.39204	39.95688
116.38589	39.95125
116.38993	39.95478
116.38289	39.95124
116.38334	39.95124
116.382	39.95482
116.38647	39.95382
116.38991	39.95223
116.38754	39.95419
116.38424	39.95127
116.3825	39.95152
116.38566	39.95125
116.38413	39.95126
116.38727	39.9517
116.38212	39.95123
116.38469	39.95126
116.39445	39.93902
116.39564	39.93368
116.39642	39.93464
116.39609	39.93499
116.39492	39.93325
116.39649	39.93324
116.39588	39.93979
116.3961	39.93383
116.39498	39.93921
116.39369	39.93913
116.39435	39.9393
116.3962	39.93848
116.39436	39.93903
116.39558	39.93368
116.39348	39.93876
116.39589	39.93946
116.39477	39.93923
116.3948	39.93897
116.39605	39.93488
116.39511	39.93924
116.39617	39.9391
116.39509	39.93325
116.39604	39.93573
116.39603	39.93569
116.39633	39.93556
116.39607	39.93404
116.39617	39.93904
116.39081	39.93915
116.39548	39.93368
116.39528	39.93903
116.39502	39.93921
116.39589	39.93956
116.39577	39.93914
116.39506	39.93922
116.39242	39.93968
116.39418	39.94109
116.39651	39.9411
116.39643	39.93444
116.39632	39.93554
116.39406	39.93935
116.39384	39.94329
116.39354	39.92622
116.39349	39.92718
116.39743	39.92867
116.39151	39.92566
116.39142	39.92568
116.39383	39.92576
116.39336	39.92575
116.39382	39.95096
116.39496	39.95165
116.3978	39.95165
116.40084	39.96355
116.39899	39.95137
116.3994	39.95164
116.39301	39.95693
116.39394	39.95725
116.39481	39.95678
116.3934	39.95398
116.39383	39.95128
116.39891	39.96502
116.40262	39.96614
116.39338	39.9544
116.39387	39.95004
116.39383	39.95127
116.39384	39.95247
116.40325	39.95138
116.40135	39.95166
116.40275	39.96492
116.39364	39.94849
116.40191	39.96396
116.4031	39.96285
116.39336	39.95457
116.39327	39.95683
116.39363	39.95667
116.402	39.96525
116.39552	39.95926
116.39379	39.95724
116.40435	39.92442
116.40445	39.92441
116.40381	39.92435
116.40255	39.92532
116.40476	39.92415
116.40531	39.92416
116.40555	39.92416
116.40605	39.92398
116.40413	39.92439
116.40304	39.9383
116.40624	39.93368
116.39857	39.93324
116.40303	39.93695
116.3998	39.938
116.40331	39.93801
116.40304	39.93901
116.403	39.93987
116.40304	39.93898
116.40304	39.93895
116.40647	39.94071
116.40377	39.941
116.40585	39.93369
116.40331	39.93449
116.40331	39.93457
116.40299	39.93645
116.40256	39.9407
116.40336	39.93992
116.40329	39.93945
116.40381	39.941
116.40331	39.93465
116.40304	39.93818
116.40582	39.94071
116.40226	39.94069
116.40008	39.94066
116.39931	39.94096
116.40333	39.94022
116.40413	39.94022
116.40305	39.93763
116.4045	39.94099
116.40211	39.94099
116.4034	39.9402
116.39954	39.94354
116.40303	39.93445
116.40304	39.93826
116.40418	39.94069
116.4033	39.93958
116.40298	39.9362
116.40629	39.94101
116.40304	39.93479
116.3996	39.93322
116.40391	39.94071
116.40328	39.93992
116.40303	39.93953
116.40304	39.9388
116.40303	39.93762
116.40303	39.9367
116.40303	39.93646
116.40894	39.94529
116.40854	39.94801
116.40862	39.9457
116.40805	39.94703
116.40854	39.94722
116.40857	39.94705
116.40778	39.95103
116.40878	39.96524
116.40756	39.95297
116.40837	39.96132
116.40797	39.94997
116.40782	39.95066
116.40779	39.95084
116.40741	39.96246
116.40818	39.94418
116.41424	39.96177
116.41425	39.96183
116.40858	39.94698
116.40434	39.95166
116.40468	39.96237
116.41062	39.94832
116.40849	39.94828
116.41547	39.95016
116.40608	39.94743
116.40729	39.95158
116.40779	39.9509
116.40599	39.94937
116.40802	39.94803
116.41646	39.94746
116.40812	39.94582
116.41106	39.94857
116.40858	39.94594
116.40745	39.92414
116.41067	39.92814
116.41369	39.92521
116.41061	39.92564
116.4106	39.9264
116.40765	39.93365
116.41497	39.92461
116.41142	39.92582
116.41099	39.92719
116.41634	39.93333
116.40966	39.92414
116.4088	39.92962
116.41028	39.93362
116.40869	39.93211
116.40868	39.93142
116.40931	39.92769
116.41397	39.92475
116.40908	39.93379
116.40978	39.92415
116.40742	39.92413
116.41048	39.93317
116.40928	39.9285
116.42212	39.95966
116.41776	39.96275
116.42558	39.95447
116.40818	39.96659
116.40818	39.96477
116.40961	39.9622
116.42544	39.95978
116.42502	39.95531
116.41711	39.96491
116.40742	39.96238
116.40738	39.96186
116.41789	39.96466
116.40563	39.96518
116.40773	39.95449
116.42561	39.95217
116.42497	39.95398
116.4209	39.95746
116.41177	39.95695
116.41773	39.95951
116.41424	39.95901
116.41406	39.95903
116.40836	39.96005
116.40837	39.96061
116.40837	39.96064
116.40837	39.96067
116.40837	39.96124
116.41434	39.94059
116.4171	39.93923
116.41654	39.94533
116.41985	39.94115
116.41193	39.93667
116.41616	39.94532
116.41689	39.94202
116.41651	39.94584
116.41653	39.94569
116.40831	39.94119
116.40858	39.93454
116.40893	39.9375
116.40868	39.9435
116.40875	39.94287
116.40873	39.94246
116.41728	39.93573
116.41682	39.93809
116.40829	39.94164
116.4172	39.93784
116.40836	39.93829
116.41729	39.93577
116.42246	39.94078
116.42361	39.94079
116.42592	39.94173
116.42606	39.93662
116.42599	39.94127
116.41479	39.94059
116.41563	39.94058
116.41216	39.93612
116.41705	39.9431
116.40824	39.94259
116.41736	39.93468
116.41745	39.94072
116.40874	39.94302
116.41299	39.94058
116.42522	39.92469
116.42436	39.93388
116.41726	39.9272
116.41729	39.92591
116.42341	39.9339
116.42574	39.93026
116.41727	39.92624
116.4174	39.93209
116.42043	39.92407
116.41708	39.93056
116.42568	39.92415
116.41728	39.927
116.41888	39.92464
116.4177	39.92366
116.41744	39.93118
116.41719	39.92953
116.42603	39.93227
116.42336	39.93345
116.4257	39.93165
116.41757	39.92744
116.41775	39.92334
116.42207	39.9234
116.42589	39.9431
116.42499	39.94139
116.40861	39.94471
116.39991	39.94112
116.41688	39.94278
116.42594	39.94054
116.39556	39.93914
116.42238	39.94078
116.39969	39.93802
116.41874	39.94528
116.41646	39.94684
116.41253	39.939
116.39592	39.93858
116.40825	39.94145
116.40823	39.94378
116.39524	39.9393
116.39541	39.93909
116.39482	39.93897
116.3948	39.93923
116.39418	39.94096
116.39383	39.94261
116.40286	39.94072
116.40823	39.94374
116.42548	39.94025
116.42589	39.94318
116.42822	39.94271
116.39608	39.93511
116.40935	39.92415
116.42116	39.92409
116.4255	39.96033
116.41393	39.94852
116.41392	39.96108
116.41367	39.94824
116.41549	39.94852
116.42462	39.95725
116.42556	39.9566
116.42487	39.95656
116.41775	39.95901
116.4249	39.95722
116.41329	39.94865
116.41685	39.96188
116.42542	39.96205
116.4255	39.9597
116.42558	39.9597
116.4125	39.96988
116.41693	39.96491
116.41703	39.96491
116.41797	39.96387
116.41802	39.9622
116.41815	39.95863
116.42556	39.9551
116.41414	39.96514
116.42562	39.95247
116.41797	39.95385
116.42558	39.95459
116.42558	39.95474
116.42557	39.95596
116.42555	39.95666
116.42497	39.95725
116.42558	39.95465
116.42581	39.9505
116.42572	39.9505
116.42555	39.95624
116.42846	39.9334
116.42262	39.9241
116.41813	39.92463
116.42623	39.929
116.41757	39.92679
116.42507	39.92415
116.41761	39.9257
116.41727	39.92644
116.42571	39.93124
116.41756	39.9269
116.41757	39.92684
116.41729	39.92696
116.41755	39.92888
116.41851	39.92463
116.42602	39.93208
116.42611	39.9341
116.41723	39.9263
116.42611	39.93597
116.42611	39.93431
116.42735	39.92914
116.41706	39.93214
116.41729	39.92678
116.41659	39.92539
116.42637	39.92814
116.42764	39.92743
116.42636	39.92848
116.42772	39.92743
116.42725	39.92471
116.42537	39.93026
116.42584	39.92416
116.42631	39.92867
116.42638	39.92842
116.42645	39.92641
116.42832	39.92472
116.42718	39.92471
116.41738	39.92403
116.41597	39.92543
116.41959	39.92465
116.43951	39.9271
116.44056	39.92847
116.43177	39.92651
116.43182	39.92767
116.43176	39.92646
116.43826	39.92712
116.42975	39.92473
116.43017	39.92417
116.43171	39.9238
116.43389	39.924
116.43781	39.93066
116.43018	39.92473
116.43054	39.92417
116.42993	39.92473
116.43172	39.92373
116.43806	39.92402
116.4354	39.92479
116.44153	39.93396
116.44072	39.93346
116.44185	39.9366
116.44124	39.93627
116.43675	39.93412
116.43629	39.93752
116.43655	39.93914
116.43664	39.93739
116.43294	39.93395
116.43276	39.93592
116.43827	39.93342
116.4318	39.95441
116.43139	39.95983
116.43481	39.94886
116.43215	39.959
116.43183	39.95895
116.42889	39.95362
116.43255	39.95675
116.43224	39.95867
116.43286	39.95095
116.44919	39.9506
116.44464	39.92723
116.4435	39.934
116.44302	39.93394
116.44468	39.93662
116.44477	39.93956
116.44399	39.93669
116.44462	39.93662
116.444	39.93633
116.39484	39.93896
116.39304	39.94101
116.39996	39.94066
116.39802	39.94064
116.39355	39.94336
116.39792	39.94064
116.39907	39.94066
116.39847	39.94063
116.39418	39.94094
116.39135	39.93684
116.39604	39.93587
116.39608	39.93436
116.3944	39.93902
116.39392	39.93939
116.39494	39.93921
116.39535	39.93566
116.40057	39.94066
116.3985	39.94063
116.39797	39.94065
116.39617	39.93964
116.39607	39.93549
116.39442	39.93928
116.3987	39.93368
116.39234	39.93857
116.3973	39.94092
116.39619	39.93871
116.39844	39.94063
116.39614	39.93993
116.4005	39.96837
116.40192	39.96697
116.40245	39.96983
116.40325	39.94021
116.40892	39.94106
116.41681	39.94535
116.42038	39.94311
116.40972	39.94105
116.40978	39.94106
116.40297	39.94025
116.40304	39.93939
116.41722	39.9374
116.4172	39.93686
116.421	39.94116
116.42016	39.94115
116.41969	39.94114
116.41796	39.94113
116.40983	39.94103
116.40817	39.94438
116.40823	39.94298
116.40479	39.94101
116.4165	39.94502
116.41658	39.94286
116.40823	39.94376
116.40813	39.94574
116.41653	39.94477
116.40822	39.94281
116.40837	39.93755
116.41071	39.94056
116.40649	39.93368
116.41187	39.92608
116.42351	39.93345
116.41746	39.93063
116.4307	39.92922
116.43175	39.92697
116.41342	39.92403
116.40853	39.92899
116.40958	39.93365
116.4041	39.92439
116.42807	39.93388
116.43653	39.9397
116.42609	39.93614
116.43606	39.9425
116.4261	39.93617
116.42576	39.94682
116.43664	39.93743
116.42594	39.94044
116.42742	39.94076
116.43223	39.94132
116.42907	39.94129
116.43066	39.9413
116.43115	39.94243
116.4291	39.94129
116.43778	39.93715
116.43065	39.94081
116.44167	39.94479
116.44266	39.94061
116.44503	39.93676
116.43654	39.93944
116.43628	39.93946
116.43613	39.93905
116.43331	39.95977
116.43226	39.95853
116.43217	39.95446
116.4256	39.95359
116.4391	39.92708
116.44381	39.93445
116.44346	39.93395
116.44225	39.9271
116.40794	39.97262
116.41105	39.92607
116.41103	39.9694
116.41081	39.96945
116.41034	39.96854
116.40794	39.97281
116.41023	39.97116
116.4076	39.94076
116.40835	39.93888
116.40838	39.93867
116.40828	39.96561
116.40878	39.94142
116.40838	39.93903
116.41681	39.9394
116.41721	39.93775
116.41033	39.96805
116.41745	39.9311
116.40814	39.94559
116.4172	39.93697
116.41735	39.93481
116.41709	39.93931
116.41682	39.93937
116.40572	39.93322
116.41762	39.93845
116.4201	39.94078
116.41842	39.94114
116.42042	39.9553
116.40764	39.95693
116.40748	39.96152
116.40729	39.96608
116.40506	39.96231
116.42555	39.95629
116.43229	39.92893
116.43249	39.93116
116.43111	39.93426
116.42702	39.93392
116.42608	39.93497
116.43826	39.9322
116.43935	39.93399
116.4268	39.93387
116.43522	39.93081
116.43675	39.93286
116.43164	39.93311
116.42609	39.93604
116.42761	39.93391
116.43185	39.93143
116.42823	39.92913
116.43672	39.93009
116.42773	39.92913
116.42836	39.93434
116.4261	39.93611
116.42756	39.92913
116.42982	39.93393
116.43793	39.93403
116.43185	39.9314
116.42608	39.93607
116.42769	39.93389
116.4332	39.94013
116.43847	39.94086
116.43113	39.94082
116.43553	39.94083
116.43589	39.94142
116.43654	39.94085
116.43679	39.93905
116.43859	39.94087
116.43866	39.94087
116.43891	39.94066
116.43895	39.93761
116.43896	39.93742
116.43786	39.93715
116.43654	39.9396
116.4376	39.94146
116.42931	39.94079
116.43933	39.93843
116.43659	39.93825
116.4366	39.93835
116.43837	39.94087
116.43654	39.93952
116.43056	39.94082
116.43933	39.93863
116.43461	39.94378
116.43948	39.94156
116.43671	39.94144
116.43177	39.94015
116.43276	39.93972
116.43264	39.9405
116.42713	39.94127
116.43239	39.95183
116.4397	39.94811
116.43904	39.94772
116.43221	39.95393
116.4349	39.94912
116.43237	39.95712
116.4325	39.95084
116.4341	39.95923
116.44051	39.95025
116.44372	39.93499
116.44143	39.92677
116.44014	39.93049
116.44041	39.92737
116.44009	39.92707
116.44376	39.92677
116.444	39.93112
116.44411	39.92716
116.44001	39.93559
116.44016	39.93395
116.4425	39.93399
116.44369	39.934
116.44406	39.93663
116.44019	39.93344
116.44409	39.93633
116.44094	39.92662
116.442	39.9285
116.44003	39.94307
116.44476	39.9387
116.44438	39.9407
116.44027	39.93343
116.44854	39.9485
116.45029	39.94876
116.44788	39.94958
116.44492	39.9509
116.44808	39.9468
116.4498	39.94676
116.40548	39.97517
116.38184	39.95814
116.38195	39.95464
116.38323	39.95123
116.38264	39.95153
116.38193	39.9547
116.38161	39.95476
116.3816	39.95545
116.38158	39.95465
116.38381	39.95126
116.38405	39.95126
116.38275	39.95122
116.38331	39.9582
116.39487	39.95474
116.39551	39.96308
116.39377	39.95388
116.39428	39.94982
116.40199	39.9632
116.39593	39.96337
116.40271	39.96394
116.39551	39.95911
116.39816	39.95555
116.39574	39.96307
116.39452	39.96205
116.3964	39.96308
116.39574	39.95315
116.39373	39.95567
116.3948	39.95433
116.39388	39.95049
116.39386	39.95068
116.3939	39.94982
116.39387	39.95008
116.39388	39.95021
116.39565	39.95498
116.39961	39.95138
116.39387	39.95006
116.39387	39.95033
116.39477	39.95444
116.39383	39.95131
116.39774	39.96315
116.39799	39.96315
116.40043	39.95353
116.39796	39.96444
116.39618	39.96338
116.39605	39.96307
116.39629	39.96308
116.39372	39.95594
116.39971	39.96921
116.39917	39.9692
116.40365	39.9692
116.40246	39.96942
116.40254	39.96689
116.40245	39.9695
116.40356	39.9692
116.39881	39.966
116.39751	39.96657
116.40261	39.96637
116.40575	39.9731
116.41748	39.96949
116.41079	39.97116
116.41214	39.97355
116.40909	39.96952
116.40878	39.96953
116.40783	39.97025
116.41035	39.96747
116.41416	39.9695
116.4109	39.97228
116.41163	39.96869
116.40705	39.97199
116.40666	39.97345
116.40534	39.96736
116.4122	39.94855
116.41089	39.95084
116.40854	39.94727
116.40853	39.94742
116.40854	39.94731
116.40864	39.95266
116.41234	39.94827
116.41185	39.94858
116.40976	39.95045
116.40892	39.95616
116.41648	39.9467
116.41648	39.94663
116.40836	39.95331
116.40841	39.95269
116.41185	39.94855
116.40766	39.95561
116.40772	39.95482
116.40772	39.95473
116.41851	39.95023
116.40849	39.94776
116.40856	39.94994
116.38826	39.95482
116.38527	39.95127
116.39169	39.95515
116.39338	39.9539
116.39326	39.95663
116.39326	39.95691
116.38751	39.9565
116.39337	39.95477
116.39107	39.95131
116.39267	39.95692
116.38442	39.95127
116.38472	39.95127
116.39376	39.94623
116.39632	39.93561
116.39601	39.93327
116.39642	39.93428
116.39635	39.9351
116.39644	39.93401
116.39645	39.93391
116.39389	39.9394
116.39483	39.93922
116.39379	39.93916
116.39772	39.94064
116.39614	39.93979
116.39759	39.94091
116.39725	39.94093
116.39633	39.93591
116.39636	39.9292
116.39438	39.93903
116.39646	39.93395
116.39644	39.93455
116.39635	39.93524
116.39635	39.93528
116.39643	39.93432
116.39605	39.93495
116.39628	39.9303
116.39608	39.93515
116.39403	39.93936
116.3941	39.93934
116.40922	39.9309
116.40681	39.93366
116.40893	39.93663
116.40303	39.93672
116.40859	39.93364
116.40915	39.93168
116.40303	39.93449
116.40331	39.93791
116.40329	39.93731
116.4035	39.93478
116.40304	39.93796
116.40329	39.93792
116.40329	39.93647
116.39899	39.93652
116.4033	39.93787
116.40835	39.93864
116.40304	39.93821
116.39906	39.93369
116.40331	39.93501
116.40893	39.93623
116.40893	39.93681
116.40713	39.93322
116.41436	39.96
116.41434	39.96007
116.41653	39.96492
116.40831	39.96183
116.40838	39.96117
116.40849	39.96189
116.41063	39.9618
116.41883	39.95855
116.4179	39.96549
116.41738	39.95952
116.40519	39.9623
116.40837	39.96111
116.41677	39.96523
116.41171	39.9589
116.41871	39.96223
116.40829	39.96318
116.40738	39.96361
116.40737	39.96581
116.41773	39.96523
116.41697	39.96491
116.41734	39.96189
116.41776	39.96255
116.41899	39.95746
116.41467	39.96218
116.4143	39.9622
116.40829	39.96528
116.40836	39.96058
116.41788	39.96221
116.40747	39.96182
116.40591	39.96125
116.41755	39.96186
116.41452	39.95902
116.41661	39.95988
116.41397	39.95962
116.40831	39.96188
116.41104	39.95892
116.4172	39.96189
116.40496	39.95704
116.40295	39.9238
116.42478	39.9247
116.41097	39.9273
116.42796	39.92472
116.41756	39.92695
116.41019	39.92746
116.43181	39.92792
116.43189	39.92918
116.4088	39.92973
116.40929	39.92837
116.42581	39.9286
116.41718	39.92944
116.41754	39.92854
116.41711	39.93033
116.41723	39.9278
116.40869	39.93007
116.41714	39.92989
116.41756	39.9291
116.41061	39.92635
116.41059	39.92668
116.40925	39.93018
116.40667	39.93044
116.42572	39.93056
116.40881	39.92944
116.40883	39.92904
116.41356	39.92522
116.40607	39.92445
116.40867	39.9436
116.40886	39.94558
116.40748	39.941
116.40956	39.94106
116.40127	39.941
116.40248	39.94071
116.40713	39.941
116.41397	39.94059
116.40882	39.93908
116.41053	39.94054
116.40822	39.94383
116.40878	39.94133
116.41013	39.94114
116.40812	39.94637
116.40807	39.9467
116.39953	39.94095
116.4091	39.94557
116.40253	39.94099
116.40827	39.94154
116.40485	39.93904
116.40865	39.94391
116.40882	39.939
116.41442	39.94059
116.39995	39.94094
116.40305	39.93932
116.40302	39.93958
116.40992	39.94054
116.40201	39.94098
116.40793	39.94075
116.40443	39.9407
116.4124	39.94057
116.40448	39.94071
116.40355	39.9407
116.40877	39.94113
116.41525	39.94534
116.40926	39.94529
116.40277	39.9407
116.40881	39.93889
116.41058	39.94528
116.40888	39.94105
116.43462	39.94353
116.41132	39.92338
116.39978	39.92427
116.40184	39.92555
116.4137	39.92508
116.41327	39.92402
116.41757	39.92673
116.41908	39.92414
116.41734	39.92553
116.42576	39.92469
116.41775	39.92341
116.42501	39.92416
116.42098	39.92409
116.41642	39.92539
116.44014	39.93055
116.43991	39.92709
116.43165	39.92922
116.44076	39.92782
116.44363	39.93674
116.44473	39.93661
116.44418	39.93763
116.4447	39.93956
116.43675	39.93265
116.43885	39.93396
116.43654	39.9394
116.43686	39.94039
116.44614	39.94087
116.43889	39.93895
116.4362	39.93911
116.44245	39.93398
116.43927	39.94779
116.44994	39.94678
116.44112	39.93626
116.43898	39.9378
116.43701	39.9388
116.43571	39.9375
116.44201	39.93914
116.4358	39.9357
116.44113	39.94088
116.43721	39.93713
116.44312	39.94022
116.43476	39.93801
116.44362	39.93691
116.40753	39.9535
116.4074	39.9628
116.3989	39.96516
116.3991	39.96097
116.40387	39.96234
116.39828	39.96315
116.3934	39.95419
116.39323	39.95487
116.39812	39.95591
116.39876	39.94093
116.39093	39.9513
116.40619	39.93611
116.39705	39.95165
116.39916	39.94065
116.40061	39.96743
116.39766	39.9508
116.40126	39.96663
116.40253	39.96792
116.40314	39.96282
116.39795	39.9502
116.39415	39.96581
116.39202	39.94157
116.39617	39.93912
116.394	39.93412
116.39813	39.95567
116.4033	39.93952
116.40278	39.92562
116.40333	39.92535
116.40865	39.94421
116.42497	39.95342
116.4257	39.9576
116.4245	39.95752
116.4109	39.94056
116.40413	39.94068
116.41747	39.94033
116.40874	39.94214
116.4132	39.94061
116.41185	39.94133
116.42059	39.95901
116.42422	39.94844
116.40876	39.94167
116.40997	39.954
116.41691	39.96521
116.41078	39.93316
116.42291	39.92998
116.40755	39.95309
116.40873	39.95375
116.40927	39.95612
116.40869	39.95685
116.40906	39.96839
116.40634	39.93939
116.40885	39.93796
116.41649	39.92781
116.41758	39.9294
116.42728	39.9242
116.41729	39.92683
116.42627	39.92876
116.41083	39.94056
116.41938	39.93341
116.42671	39.93387
116.41752	39.92809
116.4172	39.92849
116.42611	39.93586
116.41065	39.92767
116.41329	39.97007
116.41826	39.97009
116.40798	39.97153
116.40781	39.96989
116.40923	39.95481
116.40829	39.96277
116.41781	39.95318
116.42227	39.96228
116.41884	39.95876
116.42489	39.95722
116.40833	39.96246
116.41851	39.96727
116.41468	39.96761
116.4088	39.97158
116.40723	39.95267
116.41571	39.95668
116.42553	39.96055
116.42678	39.95761
116.43318	39.95926
116.43259	39.95617
116.4262	39.95142
116.4259	39.95328
116.42588	39.94325
116.42588	39.94352
116.42563	39.95184
116.4298	39.9408
116.44597	39.94676
116.44475	39.94017
116.45119	39.94816
116.42579	39.94623
116.44522	39.94355
116.44073	39.94263
116.44289	39.94341
116.43716	39.94011
116.43203	39.93844
116.43152	39.93834
116.42785	39.95358
116.43981	39.94267
116.44411	39.94083
116.42563	39.95198
116.42925	39.94079
116.43857	39.92711
116.43829	39.92477
116.44005	39.92923
116.43827	39.9247
116.44258	39.92849
116.44051	39.92895
116.4496	39.95073
116.43246	39.95153
116.44938	39.94938
116.43287	39.9378
116.44295	39.93394
116.43739	39.93342
116.44501	39.93689
116.43788	39.9306
116.43635	39.9377
116.43307	39.9584
116.43931	39.93273
116.44002	39.93335
116.44431	39.92715
116.38721	39.95433
116.39673	39.96311
116.39386	39.95242
116.39482	39.95426
116.38294	39.95125
116.3982	39.96934
116.40448	39.9747
116.40698	39.93648
116.39933	39.93036
116.41733	39.92563
116.40259	39.93369
116.41754	39.92823
116.40916	39.93689
116.4229	39.9241
116.40342	39.9247
116.40278	39.93719
116.40123	39.92526
116.39376	39.94645
116.40832	39.96176
116.40049	39.95598
116.40754	39.94528
116.38331	39.95123
116.38228	39.95943
116.40927	39.94106
116.4065	39.94521
116.39338	39.95444
116.39383	39.95206
116.39383	39.95103
116.40061	39.95167
116.40957	39.95046
116.39231	39.96335
116.38161	39.95813
116.38135	39.95544
116.38196	39.95517
116.40405	39.9386
116.41391	39.96024
116.41771	39.95707
116.41024	39.95402
116.41337	39.95944
116.382	39.95493
116.38337	39.95124
116.39372	39.95573
116.39368	39.95656
116.42308	39.9434
116.4203	39.9553
116.40691	39.94559
116.40005	39.95136
116.41011	39.95391
116.39291	39.95279
116.40684	39.9453
116.41065	39.97085
116.40481	39.96998
116.40541	39.97215
116.40711	39.97234
116.40118	39.96802
116.41743	39.96189
116.40821	39.96634
116.40828	39.96282
116.40707	39.97637
116.41075	39.96805
116.40852	39.96321
116.40572	39.97144
116.40834	39.96234
116.39392	39.96505
116.38511	39.95126
116.38991	39.95211
116.38463	39.95127
116.3843	39.95126
116.38943	39.95164
116.38729	39.95249
116.40029	39.96956
116.40894	39.95941
116.39588	39.96499
116.39656	39.96626
116.40982	39.97016
116.4078	39.97044
116.41005	39.95725
116.39742	39.96655
116.398	39.9569
116.4073	39.96618
116.40568	39.96064
116.40949	39.96219
116.39701	39.96308
116.40832	39.96254
116.39796	39.96345
116.40701	39.97372
116.39915	39.96934
116.40024	39.95451
116.40532	39.95837
116.39483	39.95531
116.40529	39.95796
116.40897	39.97162
116.4075	39.95429
116.40835	39.95776
116.40709	39.95834
116.39916	39.96928
116.40652	39.96128
116.40249	39.96311
116.4057	39.96076
116.40903	39.96185
116.40828	39.96585
116.4057	39.96089
116.40007	39.95137
116.40677	39.9535
116.40677	39.95341
116.39458	39.95137
116.4034	39.93574
116.39632	39.93587
116.39696	39.9473
116.39758	39.94066
116.40812	39.94075
116.40405	39.95167
116.40062	39.95138
116.3942	39.94181
116.40892	39.93727
116.4087	39.93063
116.40687	39.95136
116.40853	39.93514
116.40044	39.95136
116.40977	39.94054
116.40402	39.9402
116.4007	39.95137
116.40784	39.97641
116.41708	39.96489
116.42109	39.95747
116.41595	39.95062
116.42011	39.95748
116.41872	39.96288
116.41872	39.96282
116.41871	39.96035
116.41227	39.97003
116.42433	39.96203
116.41137	39.97052
116.4197	39.95747
116.43489	39.95761
116.42371	39.95423
116.38885	39.95483
116.38522	39.95378
116.39018	39.95707
116.38954	39.95163
116.382	39.95488
116.38615	39.9538
116.38714	39.95387
116.38655	39.95487
116.39032	39.95209
116.3873	39.95232
116.39031	39.95708
116.383	39.95122
116.3851	39.95378
116.39492	39.9546
116.40861	39.95659
116.39428	39.95701
116.39341	39.95415
116.40345	39.95166
116.4017	39.96815
116.40412	39.96219
116.40611	39.96498
116.39855	39.96163
116.4074	39.96276
116.39341	39.95406
116.40536	39.96231
116.39915	39.96944
116.40559	39.95829
116.40477	39.96236
116.40407	39.96224
116.40543	39.97229
116.39815	39.95536
116.39346	39.9521
116.40052	39.95137
116.41568	39.94054
116.39687	39.93324
116.4106	39.92607
116.41728	39.92705
116.40868	39.94371
116.40837	39.93821
116.41779	39.92743
116.41271	39.94107
116.41725	39.93663
116.41627	39.9372
116.43639	39.93687
116.41665	39.93726
116.41681	39.9391
116.4155	39.92543
116.39595	39.93782
116.40904	39.93445
116.43912	39.93449
116.43769	39.9273
116.39516	39.93946
116.39165	39.93992
116.39943	39.93831
116.40779	39.94491
116.40541	39.92416
116.40907	39.93413
116.40081	39.92524
116.41345	39.92505
116.3844	39.95128
116.40836	39.93895
116.4092	39.93097
116.4034	39.94069
116.40974	39.95057
116.4172	39.92856
116.41752	39.92805
116.41731	39.926
116.4146	39.92547
116.41397	39.92522
116.4137	39.92493
116.41172	39.9235
116.41734	39.92549
116.41558	39.96487
116.41776	39.96268
116.42075	39.95528
116.41624	39.96517
116.41594	39.9649
116.41711	39.96233
116.41109	39.96609
116.4108	39.97227
116.41049	39.96181
116.41236	39.96988
116.41869	39.96364
116.41885	39.95862
116.41428	39.96266
116.42027	39.95748
116.41433	39.96024
116.4233	39.95906
116.41887	39.94114
116.42661	39.94075
116.42575	39.94711
116.42578	39.94639
116.41728	39.93564
116.41391	39.94039
116.41075	39.94106
116.42563	39.95253
116.424	39.94589
116.41175	39.93363
116.42385	39.94149
116.4261	39.93485
116.41664	39.94219
116.42588	39.943
116.42585	39.95142
116.41692	39.93417
116.41729	39.93623
116.42629	39.93387
116.41107	39.93319
116.41306	39.9391
116.42038	39.93659
116.4272	39.94127
116.41729	39.93845
116.42736	39.94077
116.42524	39.94178
116.4174	39.93654
116.42644	39.92708
116.42638	39.92837
116.42731	39.92471
116.42599	39.92505
116.42171	39.92409
116.42645	39.92712
116.42643	39.92715
116.42471	39.96115
116.4256	39.95388
116.42486	39.95677
116.42316	39.95751
116.41792	39.96438
116.42489	39.95606
116.43041	39.95982
116.43917	39.92675
116.43769	39.92718
116.43181	39.92782
116.43568	39.93176
116.43675	39.93273
116.43706	39.93342
116.43122	39.92417
116.43098	39.92497
116.42749	39.92914
116.43749	39.92864
116.42808	39.93434
116.43246	39.92929
116.43675	39.93295
116.43766	39.93349
116.42869	39.92913
116.43493	39.93642
116.43887	39.94033
116.43476	39.93732
116.44073	39.94276
116.43477	39.9392
116.43477	39.93899
116.43643	39.93525
116.4367	39.93639
116.43933	39.9386
116.4417	39.9415
116.4456	39.94677
116.4321	39.95621
116.43292	39.9592
116.4346	39.94371
116.4363	39.93451
116.44477	39.93633
116.43021	39.9413
116.44016	39.94351
116.44278	39.94062
116.441	39.94482
116.44477	39.93901
116.4313	39.93702
116.43659	39.93841
116.43839	39.95005
116.43667	39.94039
116.43208	39.9592
116.43221	39.95872
116.43251	39.9539
116.44227	39.9267
116.44416	39.93169
116.44063	39.92782
116.44072	39.93031
116.44431	39.92924
116.44347	39.92999
116.44891	39.94682
116.44744	39.95091
116.41871	39.95069
116.41216	39.95733
116.4256	39.95299
116.42341	39.95753
116.41963	39.95762
116.42448	39.95725
116.41868	39.96373
116.41516	39.96217
116.41806	39.9606
116.42476	39.95215
116.41499	39.96375
116.41155	39.9589
116.41146	39.95932
116.42289	39.96201
116.41104	39.97103
116.42391	39.95751
116.41664	39.96997
116.41331	39.96989
116.41199	39.95896
116.41253	39.96988
116.4109	39.96652
116.42555	39.95607
116.41534	39.96487
116.42252	39.96231
116.41988	39.95529
116.41072	39.97228
116.41666	39.96521
116.41876	39.96257
116.42611	39.93543
116.41718	39.92951
116.42705	39.94075
116.41086	39.94056
116.41307	39.9363
116.42515	39.93658
116.41777	39.92996
116.41486	39.93688
116.41159	39.94422
116.42068	39.94869
116.42673	39.94075
116.41327	39.94059
116.42041	39.94884
116.4176	39.93731
116.41778	39.93731
116.42685	39.94075
116.41389	39.94035
116.4251	39.94341
116.41922	39.94312
116.41324	39.94861
116.41173	39.94059
116.4264	39.92729
116.41733	39.92339
116.42644	39.92703
116.42912	39.92854
116.42449	39.9235
116.41316	39.92567
116.41734	39.92351
116.42645	39.92662
116.42057	39.92408
116.44165	39.92667
116.43176	39.92658
116.43177	39.92671
116.43176	39.92684
116.43816	39.92712
116.43806	39.92712
116.4423	39.92679
116.44226	39.92628
116.43893	39.94007
116.44431	39.94221
116.44477	39.93953
116.44475	39.94007
116.4389	39.93911
116.43655	39.9391
116.43894	39.9474
116.43011	39.94079
116.43655	39.9393
116.43997	39.95097
116.4324	39.95725
116.43218	39.95521
116.43156	39.95597
116.43193	39.958
116.43209	39.95628
116.43216	39.95549
116.43252	39.95606
116.43332	39.95322
116.4401	39.93233
116.44436	39.9357
116.44352	39.92935
116.4435	39.93214
116.44363	39.93095
116.43642	39.936
116.43494	39.93547
116.44335	39.92851
116.4327	39.93319
116.44134	39.93629
116.4405	39.92973
116.4405	39.92918
116.43189	39.92895
116.43181	39.92804
116.44006	39.92931
116.43744	39.93716
116.44102	39.92983
116.43111	39.9321
116.44055	39.92911
116.43753	39.93716
116.44096	39.92884
116.4348	39.93674
116.44403	39.93574
116.4419	39.9366
116.44372	39.93494
116.4401	39.92871
116.44631	39.94154
116.45116	39.94825
116.44706	39.9409
116.44485	39.94496
116.44777	39.94635
116.44799	39.94953
116.43834	39.94684
116.44094	39.92629
116.44313	39.93632
116.42684	39.92739
116.43929	39.92675
116.42827	39.93388
116.44102	39.93023
116.43976	39.92708
116.43477	39.93618
116.42312	39.93345
116.41555	39.95016
116.44399	39.93095
116.44225	39.93222
116.41209	39.93315
116.43001	39.93327
116.41694	39.92812
116.42562	39.93562
116.44007	39.92916
116.43487	39.93896
116.4172	39.93791
116.41583	39.9333
116.41739	39.93241
116.42556	39.93745
116.41859	39.94311
116.41538	39.92552
116.42767	39.94076
116.42593	39.94167
116.4443	39.92934
116.44633	39.94437
116.44726	39.94799
116.44847	39.94091
116.40417	39.96965
116.40447	39.96768
116.39851	39.96495
116.42417	39.95241
116.40108	39.96696
116.39984	39.95136
116.38293	39.95791
116.39584	39.95697
116.38998	39.95429
116.41653	39.94489
116.44271	39.9463
116.41095	39.92724
116.43594	39.96015
116.43118	39.95973
116.43175	39.92688
116.44865	39.95018
116.411	39.92706
116.43662	39.93781
116.4406	39.94308
116.41312	39.94252
116.40998	39.93976
116.42864	39.92472
116.44086	39.93344
116.43562	39.96028
116.41385	39.95901
116.40649	39.93652
116.40895	39.94322
116.41311	39.94279
116.41313	39.95881
116.41305	39.95804
116.42864	39.93268
116.4414	39.92776
116.40367	39.94557
116.41392	39.95713
116.41156	39.95661
116.4501	39.94841
116.38908	39.95482
116.39646	39.96343
116.39814	39.94409
116.3857	39.9604
116.39264	39.96341
116.39607	39.93457
116.41624	39.94872
116.4237	39.96017
116.41248	39.95897
116.40735	39.96322
116.40977	39.94703
116.40726	39.95431
116.40035	39.94556
116.41237	39.9428
116.40819	39.96665
116.42859	39.96001
116.41857	39.96434
116.43201	39.95694
116.40457	39.94806
116.41381	39.9586
116.40994	39.95855
116.40016	39.95137
116.4212	39.94837
116.4135	39.96182
116.40352	39.95166
116.41309	39.95892
116.40319	39.95764
116.41306	39.96181
116.41353	39.95875
116.41327	39.95875
116.42287	39.95704
116.40457	39.97284
116.40457	39.97293
116.40467	39.97323
116.40429	39.97363
116.40338	39.97416
116.40305	39.97253
116.40927	39.96961
116.4031	39.97282
116.41975	39.92998
116.4285	39.93078
116.42842	39.92912
116.40438	39.9241
116.41898	39.92339
116.41851	39.93491
116.40775	39.93158
116.40794	39.93158
116.42734	39.93149
116.43796	39.94631
116.43624	39.93302
116.44179	39.93557
116.43465	39.94763
116.43363	39.95922
116.43676	39.95999
116.41129	39.96181
116.3928	39.96344
116.41724	39.96381
116.41174	39.93255
116.41723	39.92616
116.39635	39.93501
116.42327	39.93629
116.42482	39.9505
116.40718	39.93244
116.40665	39.93243
116.41784	39.9571
116.4318	39.92815
116.41253	39.9428
116.42344	39.9408
116.41373	39.95715
116.42165	39.9597
116.39833	39.96479
116.4473	39.94694
116.40709	39.95648
116.41287	39.93167
116.39609	39.93411
116.39825	39.94809
116.40949	39.93238
116.40908	39.93497
116.40046	39.95319
116.40871	39.93182
116.40634	39.95164
116.39939	39.93323
116.40771	39.95511
116.39776	39.94406
116.41417	39.92773
116.4097	39.95089
116.40798	39.93231
116.40792	39.93269
116.40628	39.94563
116.42953	39.92953
116.42891	39.93388
116.43829	39.93226
116.41643	39.9573
116.42581	39.94539
116.41721	39.92889
116.42721	39.92516
116.42908	39.92956
116.43597	39.96023
116.4171	39.93077
116.42346	39.94835
116.42993	39.9408
116.42186	39.92675
116.4261	39.93462
116.42732	39.93986
116.42889	39.93102
116.42005	39.93
116.42472	39.95133
116.4174	39.93175
116.43014	39.93011
116.41938	39.92464
116.41991	39.93
116.40828	39.93179
116.40865	39.93204
116.40395	39.94556
116.40803	39.94746
116.42668	39.9366
116.43864	39.93697
116.41761	39.926
116.42861	39.92981
116.42825	39.93047
116.42891	39.93031
116.42809	39.93046
116.41642	39.94655
116.4126	39.94211
116.4034	39.94097
116.41147	39.9332
116.42155	39.9331
116.42872	39.93984
116.42645	39.93662
116.41398	39.9249
116.42643	39.93694
116.42621	39.93675
116.42715	39.93697
116.42786	39.93672
116.41756	39.92748
116.42603	39.9376
116.40797	39.93128
116.42695	39.93668
116.39068	39.94647
116.39376	39.94637
116.42943	39.93024
116.43044	39.93003
116.43039	39.92967
116.42981	39.92957
116.43057	39.93091
116.44053	39.94319
116.43062	39.93279
116.43006	39.92473
116.43025	39.944
116.38392	39.95125
116.39796	39.96477
116.40642	39.95163
116.40602	39.92381
116.43173	39.94132
116.43768	39.92746
116.42749	39.94076
116.4109	39.95894
116.42626	39.92889
116.42405	39.95752
116.42442	39.96202
116.42612	39.93558
116.41531	39.96186
116.40829	39.96567
116.42302	39.95902
116.43379	39.95923
116.43297	39.93637
116.42746	39.92742
116.40748	39.96174
116.40986	39.95044
116.42561	39.95253
116.41556	39.93327
116.41793	39.96429
116.44438	39.94072
116.4088	39.9467
116.41329	39.97001
116.41136	39.9721
116.42138	39.9241
116.42706	39.92471
116.39718	39.96908
116.42599	39.95142
116.41042	39.94055
116.41748	39.95951
116.44054	39.92903
116.43206	39.93637
116.4106	39.92646
116.40848	39.93598
116.41741	39.93204
116.40873	39.93059
116.44046	39.92926
116.4351	39.94334
116.40594	39.92761
116.41079	39.94056
116.41625	39.93333
116.41057	39.93316
116.42549	39.93986
116.42785	39.93388
116.44428	39.94085
116.42549	39.93926
116.39384	39.93326
116.40922	39.93366
116.44348	39.9275
116.42775	39.92471
116.42609	39.93533
116.41707	39.9695
116.4179	39.96473
116.41804	39.95947
116.39704	39.96683
116.4405	39.95054
116.42795	39.93388
116.44502	39.94405
116.42136	39.93686
116.40395	39.92437
116.41014	39.94055
116.4169	39.9423
116.40025	39.94556
116.44059	39.92833
116.39886	39.95137
116.41648	39.94591
116.4366	39.93814
116.38754	39.95438
116.4172	39.93691
116.43182	39.92715
116.41762	39.92616
116.40558	39.96492
116.39386	39.95225
116.40667	39.93213
116.39956	39.93803
116.40818	39.96646
116.40186	39.96706
116.39376	39.94632
116.40779	39.97035
116.42629	39.92883
116.41999	39.94114
116.42003	39.95528
116.42559	39.93599
116.43881	39.94729
116.42679	39.93985
116.42897	39.93989
116.42161	39.96195
116.40539	39.94098
116.3991	39.93324
116.4027	39.9256
116.42817	39.93346
116.44115	39.93658
116.42177	39.93345
116.3971	39.94093
116.40641	39.97281
116.41141	39.96991
116.40245	39.96961
116.44917	39.95061
116.44589	39.94677
116.39565	39.95463
116.42248	39.95721
116.41459	39.96185
116.43175	39.95442
116.41756	39.95702
116.41875	39.94903
116.4088	39.94651
116.40373	39.95131
116.40817	39.94243
116.40881	39.94634
116.40738	39.96343
116.40203	39.95702
116.39413	39.96652
116.39369	39.95669
116.43199	39.95724
116.40527	39.95863
116.40833	39.96158
116.41115	39.95893
116.39459	39.9498
116.42552	39.96101
116.40865	39.95215
116.42205	39.95965
116.39972	39.96317
116.43714	39.93722
116.44246	39.93664
116.4384	39.93728
116.43968	39.93435
116.43935	39.93901
116.44067	39.94047
116.44064	39.93901
116.43934	39.93813
116.43658	39.93868
116.44034	39.9368
116.43907	39.93672
116.43705	39.93998
116.4353	39.93896
116.43631	39.93472
116.44196	39.9344
116.43983	39.94155
116.43833	39.93721
116.43896	39.93832
116.43854	39.93694
116.4367	39.93651
116.44439	39.93953
116.43827	39.93721
116.44022	39.93439
116.44312	39.93663
116.43998	39.93584
116.44093	39.93667
116.43906	39.93713
116.44436	39.93983
116.43475	39.93779
116.44322	39.93858
116.43655	39.93919
116.43504	39.93977
116.43562	39.93974
116.44368	39.93536
116.43673	39.9353
116.43935	39.93909
116.43625	39.94001
116.43891	39.93953
116.44187	39.94146
116.43671	39.93625
116.43923	39.93988
116.43801	39.93684
116.44362	39.93664
116.43672	39.93563
116.43594	39.93904
116.43834	39.93682
116.43669	39.93645
116.43888	39.94077
116.43803	39.93682
116.44163	39.93662
116.44438	39.9397
116.4357	39.93901
116.4363	39.93818
116.43579	39.94036
116.44003	39.93457
116.44098	39.93628
116.43752	39.94083
116.43821	39.93684
116.43842	39.93687
116.43897	39.93872
116.43896	39.93786
116.43812	39.93684
116.43933	39.93869
116.43669	39.93659
116.44418	39.93839
116.43861	39.93783
116.43619	39.93435
116.44364	39.93628
116.4389	39.93995
116.43796	39.93682
116.44004	39.93464
116.44084	39.93623
116.43898	39.93792
116.43667	39.93668
116.44445	39.93894
116.44171	39.93665
116.43581	39.94036
116.43912	39.93655
116.43929	39.93959
116.44268	39.93665
