$GNGGA,233231.000,3954.44231,11620.28702,39.9087025,116.3442739
$GNGGA,233232.000,3954.44277,11620.28651,39.9087101,116.3442654
$GNGGA,233233.000,3954.44378,11620.28619,39.9087269,116.3442601
$GNGGA,233234.000,3954.44507,11620.28629,39.9087484,116.3442617
$GNGGA,233235.000,3954.44639,11620.28632,39.9087704,116.3442622
$GNGGA,233236.000,3954.44804,11620.28609,39.9087979,116.3442584
$GNGGA,233237.000,3954.44994,11620.28531,39.9088296,116.3442454
$GNGGA,233238.000,3954.45206,11620.28443,39.9088649,116.3442307
$GNGGA,233239.000,3954.45426,11620.28407,39.9089015,116.3442247
$GNGGA,233240.000,3954.45656,11620.28435,39.9089399,116.3442294
$GNGGA,233241.000,3954.45927,11620.28500,39.9089851,116.3442402
$GNGGA,233242.000,3954.46231,11620.28606,39.9090358,116.3442579
$GNGGA,233243.000,3954.46569,11620.28733,39.9090921,116.3442792
$GNGGA,233244.000,3954.46935,11620.28868,39.9091532,116.3443017
$GNGGA,233245.000,3954.47319,11620.28998,39.9092172,116.3443234
$GNGGA,233246.000,3954.47712,11620.29128,39.9092828,116.3443452
$GNGGA,233247.000,3954.48100,11620.29254,39.9093475,116.3443662
$GNGGA,233248.000,3954.48512,11620.29375,39.9094162,116.3443864
$GNGGA,233249.000,3954.48960,11620.29510,39.9094909,116.3444090
$GNGGA,233250.000,3954.49460,11620.29667,39.9095743,116.3444352
$GNGGA,233251.000,3954.50021,11620.29849,39.9096679,116.3444656
$GNGGA,233252.000,3954.50633,11620.30059,39.9097699,116.3445007
$GNGGA,233253.000,3954.51295,11620.30289,39.9098803,116.3445392
$GNGGA,233254.000,3954.51974,11620.30521,39.9099936,116.3445779
$GNGGA,233255.000,3954.52645,11620.30760,39.9101055,116.3446179
$GNGGA,233256.000,3954.53310,11620.30989,39.9102164,116.3446561
$GNGGA,233257.000,3954.54006,11620.31218,39.9103325,116.3446944
$GNGGA,233258.000,3954.54675,11620.31430,39.9104440,116.3447298
$GNGGA,233259.000,3954.55333,11620.31633,39.9105538,116.3447638
$GNGGA,233300.000,3954.56041,11620.31854,39.9106719,116.3448007
$GNGGA,233301.000,3954.56782,11620.32079,39.9107954,116.3448383
$GNGGA,233302.000,3954.57529,11620.32308,39.9109200,116.3448766
$GNGGA,233303.000,3954.58272,11620.32508,39.9110439,116.3449100
$GNGGA,233304.000,3954.59020,11620.32690,39.9111686,116.3449404
$GNGGA,233305.000,3954.59771,11620.32890,39.9112939,116.3449738
$GNGGA,233306.000,3954.60560,11620.33149,39.9114255,116.3450171
$GNGGA,233307.000,3954.61374,11620.33404,39.9115612,116.3450597
$GNGGA,233308.000,3954.62209,11620.33621,39.9117005,116.3450960
$GNGGA,233309.000,3954.63077,11620.33801,39.9118452,116.3451261
$GNGGA,233310.000,3954.63935,11620.33959,39.9119882,116.3451525
$GNGGA,233311.000,3954.64770,11620.34079,39.9121274,116.3451725
$GNGGA,233312.000,3954.65564,11620.34193,39.9122598,116.3451916
$GNGGA,233313.000,3954.66318,11620.34281,39.9123855,116.3452063
$GNGGA,233314.000,3954.67061,11620.34349,39.9125094,116.3452177
$GNGGA,233315.000,3954.67783,11620.34406,39.9126297,116.3452272
$GNGGA,233316.000,3954.68503,11620.34436,39.9127498,116.3452323
$GNGGA,233317.000,3954.69224,11620.34463,39.9128699,116.3452368
$GNGGA,233318.000,3954.69941,11620.34472,39.9129894,116.3452383
$GNGGA,233319.000,3954.70640,11620.34489,39.9131060,116.3452412
$GNGGA,233320.000,3954.71288,11620.34553,39.9132140,116.3452519
$GNGGA,233321.000,3954.71891,11620.34634,39.9133145,116.3452654
$GNGGA,233322.000,3954.72448,11620.34654,39.9134074,116.3452688
$GNGGA,233323.000,3954.72959,11620.34643,39.9134925,116.3452669
$GNGGA,233324.000,3954.73414,11620.34625,39.9135683,116.3452639
$GNGGA,233325.000,3954.73805,11620.34609,39.9136335,116.3452613
$GNGGA,233326.000,3954.74116,11620.34610,39.9136853,116.3452614
$GNGGA,233327.000,3954.74332,11620.34612,39.9137214,116.3452618
$GNGGA,233328.000,3954.74474,11620.34602,39.9137450,116.3452601
$GNGGA,233329.000,3954.74598,11620.34616,39.9137657,116.3452625
$GNGGA,233330.000,3954.74700,11620.34626,39.9137827,116.3452641
$GNGGA,233331.000,3954.74703,11620.34625,39.9137832,116.3452640
$GNGGA,233332.000,3954.74705,11620.34625,39.9137835,116.3452640
$GNGGA,233333.000,3954.74709,11620.34624,39.9137842,116.3452638
$GNGGA,233334.000,3954.74712,11620.34623,39.9137847,116.3452636
$GNGGA,233335.000,3954.74715,11620.34622,39.9137852,116.3452635
$GNGGA,233336.000,3954.74719,11620.34621,39.9137859,116.3452633
$GNGGA,233337.000,3954.74724,11620.34621,39.9137867,116.3452633
$GNGGA,233338.000,3954.74728,11620.34622,39.9137874,116.3452635
$GNGGA,233339.000,3954.74733,11620.34622,39.9137882,116.3452635
$GNGGA,233340.000,3954.74737,11620.34623,39.9137889,116.3452636
$GNGGA,233341.000,3954.74741,11620.34623,39.9137895,116.3452636
$GNGGA,233342.000,3954.74745,11620.34623,39.9137902,116.3452636
$GNGGA,233343.000,3954.74748,11620.34623,39.9137907,116.3452636
$GNGGA,233344.000,3954.74751,11620.34623,39.9137912,116.3452636
$GNGGA,233345.000,3954.74754,11620.34624,39.9137917,116.3452638
$GNGGA,233346.000,3954.74759,11620.34626,39.9137925,116.3452641
$GNGGA,233347.000,3954.74762,11620.34628,39.9137930,116.3452645
$GNGGA,233348.000,3954.74765,11620.34628,39.9137935,116.3452645
$GNGGA,233349.000,3954.74768,11620.34627,39.9137940,116.3452643
$GNGGA,233350.000,3954.74770,11620.34625,39.9137944,116.3452640
$GNGGA,233351.000,3954.74772,11620.34622,39.9137947,116.3452635
$GNGGA,233352.000,3954.74773,11620.34618,39.9137949,116.3452628
$GNGGA,233353.000,3954.74775,11620.34614,39.9137952,116.3452621
$GNGGA,233354.000,3954.74777,11620.34612,39.9137955,116.3452618
$GNGGA,233355.000,3954.74779,11620.34610,39.9137959,116.3452615
$GNGGA,233356.000,3954.74781,11620.34608,39.9137962,116.3452611
$GNGGA,233357.000,3954.74784,11620.34608,39.9137967,116.3452611
$GNGGA,233358.000,3954.74786,11620.34607,39.9137970,116.3452610
$GNGGA,233359.000,3954.74788,11620.34606,39.9137974,116.3452608
$GNGGA,233400.000,3954.74789,11620.34606,39.9137975,116.3452608
$GNGGA,233401.000,3954.74790,11620.34606,39.9137977,116.3452608
$GNGGA,233402.000,3954.74790,11620.34604,39.9137977,116.3452605
$GNGGA,233403.000,3954.74790,11620.34603,39.9137977,116.3452603
$GNGGA,233404.000,3954.74793,11620.34602,39.9137982,116.3452601
$GNGGA,233405.000,3954.74796,11620.34602,39.9137987,116.3452601
$GNGGA,233406.000,3954.74799,11620.34603,39.9137992,116.3452603
$GNGGA,233407.000,3954.74803,11620.34603,39.9137999,116.3452603
$GNGGA,233408.000,3954.74806,11620.34604,39.9138004,116.3452605
$GNGGA,233409.000,3954.74810,11620.34605,39.9138010,116.3452606
$GNGGA,233410.000,3954.74814,11620.34605,39.9138017,116.3452606
$GNGGA,233411.000,3954.74818,11620.34604,39.9138024,116.3452605
$GNGGA,233412.000,3954.74821,11620.34603,39.9138029,116.3452603
$GNGGA,233413.000,3954.74824,11620.34603,39.9138034,116.3452603
$GNGGA,233414.000,3954.74827,11620.34604,39.9138039,116.3452605
$GNGGA,233415.000,3954.74828,11620.34604,39.9138040,116.3452605
$GNGGA,233416.000,3954.74828,11620.34604,39.9138040,116.3452605
$GNGGA,233417.000,3954.74829,11620.34603,39.9138042,116.3452603
$GNGGA,233418.000,3954.74830,11620.34603,39.9138044,116.3452603
$GNGGA,233419.000,3954.74830,11620.34602,39.9138044,116.3452601
$GNGGA,233420.000,3954.74830,11620.34602,39.9138044,116.3452601
$GNGGA,233421.000,3954.74828,11620.34600,39.9138040,116.3452598
$GNGGA,233422.000,3954.74826,11620.34599,39.9138037,116.3452596
$GNGGA,233423.000,3954.74824,11620.34597,39.9138033,116.3452593
$GNGGA,233424.000,3954.74824,11620.34597,39.9138033,116.3452593
$GNGGA,233425.000,3954.74826,11620.34600,39.9138037,116.3452598
$GNGGA,233426.000,3954.74827,11620.34601,39.9138039,116.3452600
$GNGGA,233427.000,3954.74829,11620.34603,39.9138042,116.3452603
$GNGGA,233428.000,3954.74828,11620.34603,39.9138040,116.3452603
$GNGGA,233429.000,3954.74827,11620.34602,39.9138039,116.3452601
$GNGGA,233430.000,3954.74827,11620.34601,39.9138039,116.3452600
$GNGGA,233431.000,3954.74826,11620.34598,39.9138037,116.3452595
$GNGGA,233432.000,3954.74825,11620.34596,39.9138035,116.3452591
$GNGGA,233433.000,3954.74824,11620.34595,39.9138033,116.3452590
$GNGGA,233434.000,3954.74823,11620.34593,39.9138032,116.3452586
$GNGGA,233435.000,3954.74849,11620.34593,39.9138075,116.3452586
$GNGGA,233436.000,3954.74922,11620.34598,39.9138197,116.3452595
$GNGGA,233437.000,3954.75070,11620.34595,39.9138444,116.3452590
$GNGGA,233438.000,3954.75261,11620.34583,39.9138762,116.3452570
$GNGGA,233439.000,3954.75482,11620.34566,39.9139130,116.3452541
$GNGGA,233440.000,3954.75729,11620.34544,39.9139542,116.3452505
$GNGGA,233441.000,3954.75966,11620.34527,39.9139937,116.3452476
$GNGGA,233442.000,3954.76204,11620.34512,39.9140333,116.3452451
$GNGGA,233443.000,3954.76470,11620.34494,39.9140777,116.3452421
$GNGGA,233444.000,3954.76774,11620.34473,39.9141283,116.3452386
$GNGGA,233445.000,3954.77119,11620.34450,39.9141858,116.3452348
$GNGGA,233446.000,3954.77506,11620.34424,39.9142503,116.3452304
$GNGGA,233447.000,3954.77926,11620.34375,39.9143203,116.3452223
$GNGGA,233448.000,3954.78339,11620.34308,39.9143891,116.3452111
$GNGGA,233449.000,3954.78744,11620.34249,39.9144566,116.3452012
$GNGGA,233450.000,3954.79163,11620.34194,39.9145264,116.3451921
$GNGGA,233451.000,3954.79607,11620.34128,39.9146004,116.3451810
$GNGGA,233452.000,3954.80078,11620.34062,39.9146789,116.3451700
$GNGGA,233453.000,3954.80571,11620.34015,39.9147610,116.3451622
$GNGGA,233454.000,3954.81095,11620.33989,39.9148484,116.3451579
$GNGGA,233455.000,3954.81647,11620.33966,39.9149404,116.3451540
$GNGGA,233456.000,3954.82224,11620.33939,39.9150365,116.3451495
$GNGGA,233457.000,3954.82832,11620.33902,39.9151379,116.3451434
$GNGGA,233458.000,3954.83459,11620.33859,39.9152423,116.3451362
$GNGGA,233459.000,3954.84106,11620.33819,39.9153502,116.3451295
$GNGGA,233500.000,3954.84747,11620.33771,39.9154570,116.3451215
$GNGGA,233501.000,3954.85384,11620.33723,39.9155632,116.3451135
$GNGGA,233502.000,3954.86030,11620.33678,39.9156708,116.3451060
$GNGGA,233503.000,3954.86695,11620.33630,39.9157816,116.3450980
$GNGGA,233504.000,3954.87375,11620.33580,39.9158950,116.3450897
$GNGGA,233505.000,3954.88067,11620.33519,39.9160103,116.3450795
$GNGGA,233506.000,3954.88792,11620.33412,39.9161311,116.3450616
$GNGGA,233507.000,3954.89540,11620.33287,39.9162557,116.3450408
$GNGGA,233508.000,3954.90318,11620.33177,39.9163853,116.3450224
$GNGGA,233509.000,3954.91127,11620.33100,39.9165202,116.3450096
$GNGGA,233510.000,3954.91971,11620.33065,39.9166608,116.3450037
$GNGGA,233511.000,3954.92845,11620.33065,39.9168065,116.3450038
$GNGGA,233512.000,3954.93717,11620.33072,39.9169518,116.3450049
$GNGGA,233513.000,3954.94574,11620.33068,39.9170947,116.3450043
$GNGGA,233514.000,3954.95412,11620.33023,39.9172343,116.3449968
$GNGGA,233515.000,3954.96232,11620.32943,39.9173710,116.3449835
$GNGGA,233516.000,3954.97024,11620.32857,39.9175030,116.3449691
$GNGGA,233517.000,3954.97769,11620.32781,39.9176271,116.3449564
$GNGGA,233518.000,3954.98448,11620.32720,39.9177403,116.3449462
$GNGGA,233519.000,3954.99058,11620.32668,39.9178419,116.3449376
$GNGGA,233520.000,3954.99608,11620.32628,39.9179336,116.3449309
$GNGGA,233521.000,3955.00084,11620.32593,39.9180129,116.3449251
$GNGGA,233522.000,3955.00468,11620.32567,39.9180769,116.3449207
$GNGGA,233523.000,3955.00748,11620.32550,39.9181236,116.3449179
$GNGGA,233524.000,3955.00923,11620.32539,39.9181527,116.3449161
$GNGGA,233525.000,3955.01006,11620.32534,39.9181666,116.3449152
$GNGGA,233526.000,3955.01012,11620.32533,39.9181676,116.3449151
$GNGGA,233527.000,3955.01020,11620.32535,39.9181689,116.3449154
$GNGGA,233528.000,3955.01027,11620.32535,39.9181701,116.3449154
$GNGGA,233529.000,3955.01031,11620.32537,39.9181707,116.3449157
$GNGGA,233530.000,3955.01032,11620.32535,39.9181709,116.3449154
$GNGGA,233531.000,3955.01033,11620.32532,39.9181711,116.3449149
$GNGGA,233532.000,3955.01033,11620.32529,39.9181711,116.3449144
$GNGGA,233533.000,3955.01033,11620.32527,39.9181711,116.3449141
$GNGGA,233534.000,3955.01033,11620.32525,39.9181711,116.3449137
$GNGGA,233535.000,3955.01033,11620.32523,39.9181711,116.3449134
$GNGGA,233536.000,3955.01032,11620.32521,39.9181709,116.3449131
$GNGGA,233537.000,3955.01031,11620.32518,39.9181707,116.3449126
$GNGGA,233538.000,3955.01031,11620.32514,39.9181707,116.3449119
$GNGGA,233539.000,3955.01031,11620.32510,39.9181707,116.3449112
$GNGGA,233540.000,3955.01030,11620.32506,39.9181705,116.3449106
$GNGGA,233541.000,3955.01030,11620.32503,39.9181705,116.3449101
$GNGGA,233542.000,3955.01031,11620.32500,39.9181707,116.3449096
$GNGGA,233543.000,3955.01031,11620.32497,39.9181707,116.3449091
$GNGGA,233544.000,3955.01031,11620.32494,39.9181707,116.3449085
$GNGGA,233545.000,3955.01031,11620.32493,39.9181707,116.3449084
$GNGGA,233546.000,3955.01031,11620.32491,39.9181707,116.3449080
$GNGGA,233547.000,3955.01031,11620.32489,39.9181707,116.3449077
$GNGGA,233548.000,3955.01029,11620.32485,39.9181704,116.3449070
$GNGGA,233549.000,3955.01028,11620.32482,39.9181702,116.3449065
$GNGGA,233550.000,3955.01028,11620.32481,39.9181702,116.3449064
$GNGGA,233551.000,3955.01029,11620.32483,39.9181704,116.3449067
$GNGGA,233552.000,3955.01029,11620.32484,39.9181704,116.3449069
$GNGGA,233553.000,3955.01030,11620.32486,39.9181705,116.3449072
$GNGGA,233554.000,3955.01031,11620.32487,39.9181707,116.3449074
$GNGGA,233555.000,3955.01032,11620.32487,39.9181709,116.3449074
$GNGGA,233556.000,3955.01033,11620.32486,39.9181710,116.3449072
$GNGGA,233557.000,3955.01033,11620.32485,39.9181710,116.3449070
$GNGGA,233558.000,3955.01035,11620.32485,39.9181714,116.3449070
$GNGGA,233559.000,3955.01037,11620.32484,39.9181717,116.3449069
$GNGGA,233600.000,3955.01038,11620.32484,39.9181719,116.3449069
$GNGGA,233601.000,3955.01039,11620.32483,39.9181720,116.3449067
$GNGGA,233602.000,3955.01040,11620.32483,39.9181722,116.3449067
$GNGGA,233603.000,3955.01041,11620.32482,39.9181724,116.3449065
$GNGGA,233604.000,3955.01041,11620.32482,39.9181724,116.3449065
$GNGGA,233605.000,3955.01040,11620.32483,39.9181722,116.3449067
$GNGGA,233606.000,3955.01039,11620.32485,39.9181720,116.3449070
$GNGGA,233607.000,3955.01038,11620.32487,39.9181719,116.3449074
$GNGGA,233608.000,3955.01038,11620.32489,39.9181719,116.3449077
$GNGGA,233609.000,3955.01038,11620.32491,39.9181719,116.3449080
$GNGGA,233610.000,3955.01039,11620.32493,39.9181720,116.3449084
$GNGGA,233611.000,3955.01039,11620.32494,39.9181720,116.3449085
$GNGGA,233612.000,3955.01039,11620.32495,39.9181720,116.3449087
$GNGGA,233613.000,3955.01039,11620.32496,39.9181720,116.3449089
$GNGGA,233614.000,3955.01072,11620.32494,39.9181775,116.3449085
$GNGGA,233615.000,3955.01173,11620.32486,39.9181944,116.3449072
$GNGGA,233616.000,3955.01365,11620.32476,39.9182264,116.3449055
$GNGGA,233617.000,3955.01613,11620.32462,39.9182677,116.3449032
$GNGGA,233618.000,3955.01871,11620.32444,39.9183107,116.3449002
$GNGGA,233619.000,3955.02172,11620.32417,39.9183609,116.3448957
$GNGGA,233620.000,3955.02539,11620.32384,39.9184220,116.3448902
$GNGGA,233621.000,3955.02968,11620.32350,39.9184935,116.3448845
$GNGGA,233622.000,3955.03457,11620.32319,39.9185750,116.3448794
$GNGGA,233623.000,3955.03961,11620.32295,39.9186590,116.3448754
$GNGGA,233624.000,3955.04472,11620.32277,39.9187442,116.3448724
$GNGGA,233625.000,3955.05012,11620.32256,39.9188342,116.3448689
$GNGGA,233626.000,3955.05594,11620.32225,39.9189312,116.3448637
$GNGGA,233627.000,3955.06213,11620.32183,39.9190343,116.3448567
$GNGGA,233628.000,3955.06865,11620.32135,39.9191430,116.3448487
$GNGGA,233629.000,3955.07549,11620.32088,39.9192570,116.3448409
$GNGGA,233630.000,3955.08262,11620.32037,39.9193758,116.3448324
$GNGGA,233631.000,3955.09004,11620.31984,39.9194994,116.3448235
$GNGGA,233632.000,3955.09773,11620.31924,39.9196276,116.3448135
$GNGGA,233633.000,3955.10546,11620.31864,39.9197564,116.3448035
$GNGGA,233634.000,3955.11307,11620.31810,39.9198832,116.3447945
$GNGGA,233635.000,3955.12078,11620.31759,39.9200117,116.3447860
$GNGGA,233636.000,3955.12860,11620.31713,39.9201420,116.3447783
$GNGGA,233637.000,3955.13657,11620.31673,39.9202749,116.3447717
$GNGGA,233638.000,3955.14471,11620.31643,39.9204105,116.3447667
$GNGGA,233639.000,3955.15300,11620.31625,39.9205487,116.3447637
$GNGGA,233640.000,3955.16143,11620.31612,39.9206892,116.3447615
$GNGGA,233641.000,3955.16975,11620.31593,39.9208279,116.3447584
$GNGGA,233642.000,3955.17794,11620.31570,39.9209644,116.3447546
$GNGGA,233643.000,3955.18627,11620.31540,39.9211032,116.3447496
$GNGGA,233644.000,3955.19473,11620.31500,39.9212442,116.3447429
$GNGGA,233645.000,3955.20321,11620.31447,39.9213855,116.3447341
$GNGGA,233646.000,3955.21162,11620.31385,39.9215257,116.3447237
$GNGGA,233647.000,3955.22008,11620.31324,39.9216667,116.3447136
$GNGGA,233648.000,3955.22865,11620.31270,39.9218095,116.3447045
$GNGGA,233649.000,3955.23734,11620.31219,39.9219543,116.3446960
$GNGGA,233650.000,3955.24613,11620.31171,39.9221008,116.3446880
$GNGGA,233651.000,3955.25495,11620.31124,39.9222478,116.3446802
$GNGGA,233652.000,3955.26361,11620.31083,39.9223921,116.3446734
$GNGGA,233653.000,3955.27199,11620.31053,39.9225318,116.3446684
$GNGGA,233654.000,3955.28011,11620.31017,39.9226671,116.3446624
$GNGGA,233655.000,3955.28776,11620.30967,39.9227946,116.3446541
$GNGGA,233656.000,3955.29486,11620.30902,39.9229129,116.3446432
$GNGGA,233657.000,3955.30158,11620.30820,39.9230249,116.3446295
$GNGGA,233658.000,3955.30820,11620.30718,39.9231352,116.3446125
$GNGGA,233659.000,3955.31489,11620.30576,39.9232467,116.3445888
$GNGGA,233700.000,3955.32162,11620.30402,39.9233588,116.3445598
$GNGGA,233701.000,3955.32846,11620.30238,39.9234727,116.3445324
$GNGGA,233702.000,3955.33545,11620.30105,39.9235892,116.3445102
$GNGGA,233703.000,3955.34263,11620.30007,39.9237088,116.3444938
$GNGGA,233704.000,3955.34998,11620.29918,39.9238313,116.3444790
$GNGGA,233705.000,3955.35755,11620.29830,39.9239575,116.3444643
$GNGGA,233706.000,3955.36529,11620.29741,39.9240864,116.3444494
$GNGGA,233707.000,3955.37326,11620.29651,39.9242192,116.3444344
$GNGGA,233708.000,3955.38145,11620.29550,39.9243557,116.3444176
$GNGGA,233709.000,3955.38976,11620.29456,39.9244942,116.3444019
$GNGGA,233710.000,3955.39801,11620.29367,39.9246317,116.3443870
$GNGGA,233711.000,3955.40613,11620.29277,39.9247670,116.3443720
$GNGGA,233712.000,3955.41408,11620.29186,39.9248995,116.3443568
$GNGGA,233713.000,3955.42198,11620.29090,39.9250311,116.3443408
$GNGGA,233714.000,3955.42989,11620.28984,39.9251629,116.3443231
$GNGGA,233715.000,3955.43785,11620.28874,39.9252955,116.3443048
$GNGGA,233716.000,3955.44587,11620.28761,39.9254292,116.3442859
$GNGGA,233717.000,3955.45403,11620.28654,39.9255652,116.3442680
$GNGGA,233718.000,3955.46237,11620.28556,39.9257041,116.3442517
$GNGGA,233719.000,3955.47086,11620.28455,39.9258456,116.3442348
$GNGGA,233720.000,3955.47950,11620.28349,39.9259896,116.3442171
$GNGGA,233721.000,3955.48830,11620.28241,39.9261362,116.3441991
$GNGGA,233722.000,3955.49715,11620.28133,39.9262837,116.3441811
$GNGGA,233723.000,3955.50598,11620.28028,39.9264308,116.3441636
$GNGGA,233724.000,3955.51493,11620.27927,39.9265800,116.3441467
$GNGGA,233725.000,3955.52402,11620.27827,39.9267314,116.3441300
$GNGGA,233726.000,3955.53323,11620.27729,39.9268849,116.3441137
$GNGGA,233727.000,3955.54253,11620.27638,39.9270399,116.3440985
$GNGGA,233728.000,3955.55153,11620.27556,39.9271899,116.3440848
$GNGGA,233729.000,3955.55973,11620.27471,39.9273265,116.3440706
$GNGGA,233730.000,3955.56727,11620.27379,39.9274522,116.3440553
$GNGGA,233731.000,3955.57405,11620.27306,39.9275651,116.3440431
$GNGGA,233732.000,3955.58049,11620.27238,39.9276725,116.3440318
$GNGGA,233733.000,3955.58638,11620.27167,39.9277706,116.3440199
$GNGGA,233734.000,3955.59176,11620.27095,39.9278603,116.3440079
$GNGGA,233735.000,3955.59697,11620.27026,39.9279471,116.3439964
$GNGGA,233736.000,3955.60216,11620.26958,39.9280336,116.3439850
$GNGGA,233737.000,3955.60748,11620.26896,39.9281222,116.3439747
$GNGGA,233738.000,3955.61298,11620.26849,39.9282139,116.3439669
$GNGGA,233739.000,3955.61863,11620.26825,39.9283080,116.3439629
$GNGGA,233740.000,3955.62450,11620.26817,39.9284059,116.3439615
$GNGGA,233741.000,3955.63059,11620.26811,39.9285074,116.3439605
$GNGGA,233742.000,3955.63691,11620.26811,39.9286127,116.3439606
$GNGGA,233743.000,3955.64346,11620.26816,39.9287219,116.3439614
$GNGGA,233744.000,3955.65021,11620.26820,39.9288344,116.3439621
$GNGGA,233745.000,3955.65701,11620.26818,39.9289477,116.3439618
$GNGGA,233746.000,3955.66386,11620.26813,39.9290619,116.3439610
$GNGGA,233747.000,3955.67088,11620.26814,39.9291789,116.3439611
$GNGGA,233748.000,3955.67806,11620.26824,39.9292986,116.3439628
$GNGGA,233749.000,3955.68532,11620.26833,39.9294196,116.3439643
$GNGGA,233750.000,3955.69248,11620.26840,39.9295389,116.3439655
$GNGGA,233751.000,3955.69956,11620.26843,39.9296569,116.3439660
$GNGGA,233752.000,3955.70665,11620.26850,39.9297751,116.3439672
$GNGGA,233753.000,3955.71376,11620.26865,39.9298936,116.3439697
$GNGGA,233754.000,3955.72101,11620.26882,39.9300144,116.3439726
$GNGGA,233755.000,3955.72839,11620.26899,39.9301375,116.3439755
$GNGGA,233756.000,3955.73585,11620.26914,39.9302618,116.3439780
$GNGGA,233757.000,3955.74342,11620.26927,39.9303880,116.3439802
$GNGGA,233758.000,3955.75112,11620.26938,39.9305163,116.3439820
$GNGGA,233759.000,3955.75898,11620.26945,39.9306473,116.3439832
$GNGGA,233800.000,3955.76698,11620.26952,39.9307807,116.3439844
$GNGGA,233801.000,3955.77489,11620.26955,39.9309125,116.3439849
$GNGGA,233802.000,3955.78228,11620.26969,39.9310357,116.3439873
$GNGGA,233803.000,3955.78902,11620.26995,39.9311480,116.3439916
$GNGGA,233804.000,3955.79552,11620.27030,39.9312564,116.3439975
$GNGGA,233805.000,3955.80181,11620.27064,39.9313612,116.3440032
$GNGGA,233806.000,3955.80786,11620.27103,39.9314621,116.3440097
$GNGGA,233807.000,3955.81369,11620.27149,39.9315593,116.3440174
$GNGGA,233808.000,3955.81925,11620.27187,39.9316519,116.3440238
$GNGGA,233809.000,3955.82399,11620.27211,39.9317309,116.3440278
$GNGGA,233810.000,3955.82822,11620.27213,39.9318015,116.3440281
$GNGGA,233811.000,3955.83221,11620.27170,39.9318679,116.3440209
$GNGGA,233812.000,3955.83605,11620.27139,39.9319319,116.3440158
$GNGGA,233813.000,3955.83946,11620.27132,39.9319888,116.3440146
$GNGGA,233814.000,3955.84197,11620.27136,39.9320306,116.3440153
$GNGGA,233815.000,3955.84343,11620.27141,39.9320549,116.3440161
$GNGGA,233816.000,3955.84412,11620.27143,39.9320664,116.3440165
$GNGGA,233817.000,3955.84416,11620.27144,39.9320671,116.3440166
$GNGGA,233818.000,3955.84420,11620.27141,39.9320678,116.3440161
$GNGGA,233819.000,3955.84421,11620.27137,39.9320679,116.3440155
$GNGGA,233820.000,3955.84422,11620.27135,39.9320681,116.3440151
$GNGGA,233821.000,3955.84423,11620.27134,39.9320683,116.3440150
$GNGGA,233822.000,3955.84423,11620.27133,39.9320683,116.3440148
$GNGGA,233823.000,3955.84422,11620.27132,39.9320681,116.3440146
$GNGGA,233824.000,3955.84420,11620.27131,39.9320678,116.3440145
$GNGGA,233825.000,3955.84421,11620.27129,39.9320679,116.3440141
$GNGGA,233826.000,3955.84421,11620.27129,39.9320679,116.3440141
$GNGGA,233827.000,3955.84421,11620.27129,39.9320679,116.3440141
$GNGGA,233828.000,3955.84420,11620.27130,39.9320678,116.3440143
$GNGGA,233829.000,3955.84419,11620.27131,39.9320676,116.3440145
$GNGGA,233830.000,3955.84417,11620.27131,39.9320673,116.3440145
$GNGGA,233831.000,3955.84416,11620.27131,39.9320671,116.3440145
$GNGGA,233832.000,3955.84415,11620.27131,39.9320669,116.3440145
$GNGGA,233833.000,3955.84414,11620.27131,39.9320668,116.3440145
$GNGGA,233834.000,3955.84412,11620.27129,39.9320664,116.3440141
$GNGGA,233835.000,3955.84409,11620.27126,39.9320659,116.3440136
$GNGGA,233836.000,3955.84406,11620.27122,39.9320654,116.3440129
$GNGGA,233837.000,3955.84404,11620.27120,39.9320651,116.3440126
$GNGGA,233838.000,3955.84403,11620.27119,39.9320649,116.3440124
$GNGGA,233839.000,3955.84402,11620.27118,39.9320648,116.3440123
$GNGGA,233840.000,3955.84400,11620.27117,39.9320644,116.3440121
$GNGGA,233841.000,3955.84399,11620.27116,39.9320643,116.3440119
$GNGGA,233842.000,3955.84397,11620.27113,39.9320639,116.3440114
$GNGGA,233843.000,3955.84395,11620.27110,39.9320636,116.3440109
$GNGGA,233844.000,3955.84393,11620.27108,39.9320633,116.3440106
$GNGGA,233845.000,3955.84391,11620.27106,39.9320629,116.3440103
$GNGGA,233846.000,3955.84390,11620.27104,39.9320628,116.3440099
$GNGGA,233847.000,3955.84388,11620.27103,39.9320624,116.3440098
$GNGGA,233848.000,3955.84386,11620.27103,39.9320621,116.3440098
$GNGGA,233849.000,3955.84385,11620.27102,39.9320619,116.3440096
$GNGGA,233850.000,3955.84383,11620.27102,39.9320616,116.3440096
$GNGGA,233851.000,3955.84382,11620.27102,39.9320614,116.3440096
$GNGGA,233852.000,3955.84380,11620.27102,39.9320611,116.3440096
$GNGGA,233853.000,3955.84379,11620.27102,39.9320609,116.3440096
$GNGGA,233854.000,3955.84378,11620.27103,39.9320608,116.3440098
$GNGGA,233855.000,3955.84378,11620.27103,39.9320608,116.3440098
$GNGGA,233856.000,3955.84378,11620.27104,39.9320608,116.3440099
$GNGGA,233857.000,3955.84377,11620.27105,39.9320606,116.3440101
$GNGGA,233858.000,3955.84378,11620.27107,39.9320608,116.3440104
$GNGGA,233859.000,3955.84378,11620.27108,39.9320608,116.3440106
$GNGGA,233900.000,3955.84378,11620.27110,39.9320608,116.3440109
$GNGGA,233901.000,3955.84379,11620.27111,39.9320609,116.3440111
$GNGGA,233902.000,3955.84379,11620.27112,39.9320609,116.3440113
$GNGGA,233903.000,3955.84380,11620.27114,39.9320611,116.3440116
$GNGGA,233904.000,3955.84380,11620.27116,39.9320611,116.3440119
$GNGGA,233905.000,3955.84380,11620.27119,39.9320611,116.3440124
$GNGGA,233906.000,3955.84380,11620.27120,39.9320611,116.3440126
$GNGGA,233907.000,3955.84379,11620.27121,39.9320609,116.3440128
$GNGGA,233908.000,3955.84378,11620.27122,39.9320608,116.3440129
$GNGGA,233909.000,3955.84378,11620.27123,39.9320608,116.3440131
$GNGGA,233910.000,3955.84378,11620.27124,39.9320608,116.3440133
$GNGGA,233911.000,3955.84378,11620.27126,39.9320608,116.3440136
$GNGGA,233912.000,3955.84378,11620.27127,39.9320608,116.3440138
$GNGGA,233913.000,3955.84378,11620.27128,39.9320608,116.3440140
$GNGGA,233914.000,3955.84378,11620.27130,39.9320608,116.3440143
$GNGGA,233915.000,3955.84378,11620.27131,39.9320608,116.3440145
$GNGGA,233916.000,3955.84379,11620.27133,39.9320609,116.3440148
$GNGGA,233917.000,3955.84379,11620.27134,39.9320609,116.3440150
$GNGGA,233918.000,3955.84379,11620.27134,39.9320609,116.3440150
$GNGGA,233919.000,3955.84379,11620.27134,39.9320609,116.3440150
$GNGGA,233920.000,3955.84379,11620.27134,39.9320609,116.3440150
$GNGGA,233921.000,3955.84378,11620.27134,39.9320608,116.3440150
$GNGGA,233922.000,3955.84377,11620.27134,39.9320606,116.3440150
$GNGGA,233923.000,3955.84376,11620.27134,39.9320604,116.3440150
$GNGGA,233924.000,3955.84376,11620.27134,39.9320604,116.3440150
$GNGGA,233925.000,3955.84376,11620.27135,39.9320604,116.3440151
$GNGGA,233926.000,3955.84375,11620.27135,39.9320603,116.3440151
$GNGGA,233927.000,3955.84375,11620.27136,39.9320603,116.3440153
$GNGGA,233928.000,3955.84375,11620.27136,39.9320603,116.3440153
$GNGGA,233929.000,3955.84375,11620.27136,39.9320603,116.3440153
$GNGGA,233930.000,3955.84375,11620.27137,39.9320603,116.3440155
$GNGGA,233931.000,3955.84374,11620.27137,39.9320601,116.3440155
$GNGGA,233932.000,3955.84374,11620.27138,39.9320601,116.3440156
$GNGGA,233933.000,3955.84373,11620.27138,39.9320599,116.3440156
$GNGGA,233934.000,3955.84373,11620.27139,39.9320599,116.3440158
$GNGGA,233935.000,3955.84373,11620.27140,39.9320599,116.3440160
$GNGGA,233936.000,3955.84373,11620.27140,39.9320599,116.3440160
$GNGGA,233937.000,3955.84372,11620.27140,39.9320598,116.3440160
$GNGGA,233938.000,3955.84373,11620.27140,39.9320599,116.3440160
$GNGGA,233939.000,3955.84373,11620.27140,39.9320599,116.3440160
$GNGGA,233940.000,3955.84373,11620.27140,39.9320599,116.3440160
$GNGGA,233941.000,3955.84374,11620.27140,39.9320601,116.3440160
$GNGGA,233942.000,3955.84374,11620.27140,39.9320601,116.3440160
$GNGGA,233943.000,3955.84374,11620.27140,39.9320601,116.3440160
$GNGGA,233944.000,3955.84374,11620.27139,39.9320601,116.3440158
$GNGGA,233945.000,3955.84374,11620.27139,39.9320601,116.3440158
$GNGGA,233946.000,3955.84374,11620.27138,39.9320601,116.3440156
$GNGGA,233947.000,3955.84375,11620.27138,39.9320603,116.3440156
$GNGGA,233948.000,3955.84375,11620.27137,39.9320603,116.3440155
$GNGGA,233949.000,3955.84376,11620.27136,39.9320604,116.3440153
$GNGGA,233950.000,3955.84376,11620.27135,39.9320604,116.3440151
$GNGGA,233951.000,3955.84377,11620.27135,39.9320606,116.3440151
$GNGGA,233952.000,3955.84377,11620.27134,39.9320606,116.3440150
$GNGGA,233953.000,3955.84378,11620.27135,39.9320608,116.3440151
$GNGGA,233954.000,3955.84379,11620.27135,39.9320609,116.3440151
$GNGGA,233955.000,3955.84447,11620.27135,39.9320723,116.3440151
$GNGGA,233956.000,3955.84584,11620.27133,39.9320951,116.3440148
$GNGGA,233957.000,3955.84785,11620.27130,39.9321286,116.3440143
$GNGGA,233958.000,3955.85004,11620.27127,39.9321651,116.3440138
$GNGGA,233959.000,3955.85230,11620.27122,39.9322028,116.3440130
$GNGGA,234000.000,3955.85500,11620.27123,39.9322478,116.3440131
$GNGGA,234001.000,3955.85811,11620.27141,39.9322996,116.3440162
$GNGGA,234002.000,3955.86187,11620.27169,39.9323623,116.3440208
$GNGGA,234003.000,3955.86635,11620.27203,39.9324370,116.3440265
$GNGGA,234004.000,3955.87097,11620.27240,39.9325140,116.3440327
$GNGGA,234005.000,3955.87585,11620.27277,39.9325953,116.3440389
$GNGGA,234006.000,3955.88126,11620.27317,39.9326855,116.3440456
