$GNGGA,032148.000,3954.73934,11620.34601,39.9136550,116.3452599
$GNGGA,032149.000,3954.73936,11620.34601,39.9136553,116.3452599
$GNGGA,032150.000,3954.73938,11620.34602,39.9136557,116.3452601
$GNGGA,032151.000,3954.73939,11620.34605,39.9136558,116.3452606
$GNGGA,032152.000,3954.73940,11620.34606,39.9136560,116.3452608
$GNGGA,032153.000,3954.73940,11620.34607,39.9136560,116.3452609
$GNGGA,032154.000,3954.73939,11620.34608,39.9136558,116.3452611
$GNGGA,032155.000,3954.73940,11620.34610,39.9136560,116.3452614
$GNGGA,032156.000,3954.73941,11620.34612,39.9136562,116.3452618
$GNGGA,032157.000,3954.73942,11620.34613,39.9136563,116.3452619
$GNGGA,032158.000,3954.73943,11620.34613,39.9136565,116.3452619
$GNGGA,032159.000,3954.73943,11620.34614,39.9136565,116.3452621
$GNGGA,032200.000,3954.73944,11620.34614,39.9136567,116.3452621
$GNGGA,032201.000,3954.73945,11620.34613,39.9136568,116.3452619
$GNGGA,032202.000,3954.73946,11620.34613,39.9136570,116.3452619
$GNGGA,032203.000,3954.73946,11620.34614,39.9136570,116.3452621
$GNGGA,032204.000,3954.73947,11620.34616,39.9136572,116.3452624
$GNGGA,032205.000,3954.73947,11620.34619,39.9136572,116.3452629
$GNGGA,032206.000,3954.73948,11620.34622,39.9136574,116.3452634
$GNGGA,032207.000,3954.73949,11620.34623,39.9136575,116.3452636
$GNGGA,032208.000,3954.73949,11620.34624,39.9136575,116.3452638
$GNGGA,032209.000,3954.73950,11620.34626,39.9136577,116.3452641
$GNGGA,032210.000,3954.73950,11620.34627,39.9136577,116.3452643
$GNGGA,032211.000,3954.73950,11620.34628,39.9136577,116.3452644
$GNGGA,032212.000,3954.73951,11620.34630,39.9136579,116.3452648
$GNGGA,032213.000,3954.73952,11620.34631,39.9136580,116.3452649
$GNGGA,032214.000,3954.73952,11620.34632,39.9136580,116.3452651
$GNGGA,032215.000,3954.73953,11620.34634,39.9136582,116.3452654
$GNGGA,032216.000,3954.73953,11620.34635,39.9136582,116.3452656
$GNGGA,032217.000,3954.73954,11620.34637,39.9136584,116.3452660
$GNGGA,032218.000,3954.73955,11620.34639,39.9136585,116.3452663
$GNGGA,032219.000,3954.73956,11620.34641,39.9136587,116.3452666
$GNGGA,032220.000,3954.73956,11620.34642,39.9136587,116.3452668
$GNGGA,032221.000,3954.73956,11620.34644,39.9136587,116.3452671
$GNGGA,032222.000,3954.73956,11620.34646,39.9136587,116.3452675
$GNGGA,032223.000,3954.73996,11620.34640,39.9136654,116.3452665
$GNGGA,032224.000,3954.74076,11620.34636,39.9136787,116.3452658
$GNGGA,032225.000,3954.74209,11620.34625,39.9137009,116.3452640
$GNGGA,032226.000,3954.74391,11620.34608,39.9137312,116.3452611
$GNGGA,032227.000,3954.74616,11620.34589,39.9137687,116.3452579
$GNGGA,032228.000,3954.74887,11620.34572,39.9138138,116.3452551
$GNGGA,032229.000,3954.75212,11620.34553,39.9138680,116.3452519
$GNGGA,032230.000,3954.75587,11620.34526,39.9139305,116.3452474
$GNGGA,032231.000,3954.76013,11620.34493,39.9140015,116.3452419
$GNGGA,032232.000,3954.76476,11620.34465,39.9140787,116.3452373
$GNGGA,032233.000,3954.76974,11620.34438,39.9141616,116.3452328
$GNGGA,032234.000,3954.77502,11620.34408,39.9142496,116.3452278
$GNGGA,032235.000,3954.78053,11620.34375,39.9143415,116.3452223
$GNGGA,032236.000,3954.78600,11620.34334,39.9144326,116.3452154
$GNGGA,032237.000,3954.79142,11620.34291,39.9145230,116.3452083
$GNGGA,032238.000,3954.79684,11620.34253,39.9146133,116.3452019
$GNGGA,032239.000,3954.80239,11620.34212,39.9147058,116.3451951
$GNGGA,032240.000,3954.80815,11620.34143,39.9148018,116.3451836
$GNGGA,032241.000,3954.81409,11620.34062,39.9149007,116.3451701
$GNGGA,032242.000,3954.82011,11620.33996,39.9150010,116.3451590
$GNGGA,032243.000,3954.82622,11620.33944,39.9151029,116.3451504
$GNGGA,032244.000,3954.83217,11620.33907,39.9152020,116.3451442
$GNGGA,032245.000,3954.83820,11620.33892,39.9153025,116.3451417
$GNGGA,032246.000,3954.84441,11620.33882,39.9154060,116.3451401
$GNGGA,032247.000,3954.85080,11620.33865,39.9155125,116.3451372
$GNGGA,032248.000,3954.85726,11620.33838,39.9156202,116.3451327
$GNGGA,032249.000,3954.86391,11620.33806,39.9157310,116.3451274
$GNGGA,032250.000,3954.87069,11620.33768,39.9158440,116.3451211
$GNGGA,032251.000,3954.87765,11620.33731,39.9159600,116.3451149
$GNGGA,032252.000,3954.88487,11620.33701,39.9160803,116.3451099
$GNGGA,032253.000,3954.89220,11620.33663,39.9162025,116.3451036
$GNGGA,032254.000,3954.89969,11620.33615,39.9163273,116.3450956
$GNGGA,032255.000,3954.90734,11620.33564,39.9164548,116.3450871
$GNGGA,032256.000,3954.91509,11620.33509,39.9165840,116.3450779
$GNGGA,032257.000,3954.92292,11620.33447,39.9167144,116.3450676
$GNGGA,032258.000,3954.93072,11620.33379,39.9168444,116.3450562
$GNGGA,032259.000,3954.93847,11620.33306,39.9169736,116.3450440
$GNGGA,032300.000,3954.94589,11620.33227,39.9170972,116.3450309
$GNGGA,032301.000,3954.95309,11620.33155,39.9172172,116.3450188
$GNGGA,032302.000,3954.95985,11620.33092,39.9173299,116.3450083
$GNGGA,032303.000,3954.96575,11620.33039,39.9174282,116.3449995
$GNGGA,032304.000,3954.97060,11620.32996,39.9175090,116.3449923
$GNGGA,032305.000,3954.97431,11620.32968,39.9175708,116.3449877
$GNGGA,032306.000,3954.97702,11620.32947,39.9176160,116.3449841
$GNGGA,032307.000,3954.97935,11620.32888,39.9176548,116.3449743
$GNGGA,032308.000,3954.98133,11620.32799,39.9176878,116.3449594
$GNGGA,032309.000,3954.98279,11620.32750,39.9177121,116.3449513
$GNGGA,032310.000,3954.98369,11620.32741,39.9177271,116.3449498
$GNGGA,032311.000,3954.98416,11620.32741,39.9177349,116.3449498
$GNGGA,032312.000,3954.98419,11620.32741,39.9177354,116.3449498
$GNGGA,032313.000,3954.98422,11620.32738,39.9177359,116.3449493
$GNGGA,032314.000,3954.98424,11620.32736,39.9177363,116.3449489
$GNGGA,032315.000,3954.98428,11620.32735,39.9177369,116.3449488
$GNGGA,032316.000,3954.98430,11620.32732,39.9177373,116.3449483
$GNGGA,032317.000,3954.98432,11620.32729,39.9177376,116.3449477
$GNGGA,032318.000,3954.98433,11620.32726,39.9177378,116.3449472
$GNGGA,032319.000,3954.98433,11620.32724,39.9177378,116.3449469
$GNGGA,032320.000,3954.98434,11620.32721,39.9177379,116.3449464
$GNGGA,032321.000,3954.98435,11620.32718,39.9177381,116.3449459
$GNGGA,032322.000,3954.98435,11620.32715,39.9177381,116.3449454
$GNGGA,032323.000,3954.98437,11620.32713,39.9177384,116.3449451
$GNGGA,032324.000,3954.98438,11620.32713,39.9177386,116.3449451
$GNGGA,032325.000,3954.98440,11620.32716,39.9177389,116.3449456
$GNGGA,032326.000,3954.98442,11620.32721,39.9177393,116.3449464
$GNGGA,032327.000,3954.98443,11620.32728,39.9177394,116.3449476
$GNGGA,032328.000,3954.98445,11620.32732,39.9177398,116.3449483
$GNGGA,032329.000,3954.98445,11620.32736,39.9177398,116.3449489
$GNGGA,032330.000,3954.98445,11620.32738,39.9177398,116.3449493
$GNGGA,032331.000,3954.98444,11620.32740,39.9177396,116.3449496
$GNGGA,032332.000,3954.98443,11620.32743,39.9177394,116.3449501
$GNGGA,032333.000,3954.98443,11620.32744,39.9177394,116.3449503
$GNGGA,032334.000,3954.98443,11620.32746,39.9177394,116.3449506
$GNGGA,032335.000,3954.98444,11620.32750,39.9177396,116.3449513
$GNGGA,032336.000,3954.98445,11620.32755,39.9177398,116.3449521
$GNGGA,032337.000,3954.98446,11620.32761,39.9177399,116.3449531
$GNGGA,032338.000,3954.98448,11620.32766,39.9177403,116.3449539
$GNGGA,032339.000,3954.98451,11620.32771,39.9177408,116.3449548
$GNGGA,032340.000,3954.98453,11620.32774,39.9177411,116.3449553
$GNGGA,032341.000,3954.98456,11620.32777,39.9177416,116.3449558
$GNGGA,032342.000,3954.98458,11620.32781,39.9177419,116.3449564
$GNGGA,032343.000,3954.98460,11620.32786,39.9177423,116.3449573
$GNGGA,032344.000,3954.98461,11620.32788,39.9177425,116.3449576
$GNGGA,032345.000,3954.98503,11620.32788,39.9177495,116.3449576
$GNGGA,032346.000,3954.98576,11620.32779,39.9177616,116.3449561
$GNGGA,032347.000,3954.98684,11620.32766,39.9177796,116.3449539
$GNGGA,032348.000,3954.98833,11620.32751,39.9178044,116.3449514
$GNGGA,032349.000,3954.99024,11620.32735,39.9178363,116.3449488
$GNGGA,032350.000,3954.99262,11620.32719,39.9178759,116.3449461
$GNGGA,032351.000,3954.99556,11620.32704,39.9179249,116.3449436
$GNGGA,032352.000,3954.99915,11620.32686,39.9179848,116.3449406
$GNGGA,032353.000,3955.00330,11620.32670,39.9180539,116.3449379
$GNGGA,032354.000,3955.00759,11620.32643,39.9181254,116.3449334
$GNGGA,032355.000,3955.01199,11620.32609,39.9181987,116.3449278
$GNGGA,032356.000,3955.01676,11620.32575,39.9182782,116.3449221
$GNGGA,032357.000,3955.02198,11620.32541,39.9183652,116.3449164
$GNGGA,032358.000,3955.02761,11620.32500,39.9184591,116.3449096
$GNGGA,032359.000,3955.03363,11620.32460,39.9185594,116.3449029
$GNGGA,032400.000,3955.04003,11620.32420,39.9186660,116.3448963
$GNGGA,032401.000,3955.04666,11620.32375,39.9187765,116.3448887
$GNGGA,032402.000,3955.05323,11620.32327,39.9188860,116.3448807
$GNGGA,032403.000,3955.05972,11620.32275,39.9189942,116.3448721
$GNGGA,032404.000,3955.06634,11620.32220,39.9191045,116.3448629
$GNGGA,032405.000,3955.07308,11620.32160,39.9192168,116.3448529
$GNGGA,032406.000,3955.07993,11620.32102,39.9193310,116.3448432
$GNGGA,032407.000,3955.08685,11620.32043,39.9194463,116.3448334
$GNGGA,032408.000,3955.09389,11620.31985,39.9195636,116.3448237
$GNGGA,032409.000,3955.10105,11620.31938,39.9196829,116.3448159
$GNGGA,032410.000,3955.10835,11620.31898,39.9198046,116.3448092
$GNGGA,032411.000,3955.11577,11620.31851,39.9199283,116.3448014
$GNGGA,032412.000,3955.12329,11620.31795,39.9200536,116.3447920
$GNGGA,032413.000,3955.13094,11620.31736,39.9201811,116.3447822
$GNGGA,032414.000,3955.13871,11620.31683,39.9203105,116.3447733
$GNGGA,032415.000,3955.14657,11620.31638,39.9204415,116.3447658
$GNGGA,032416.000,3955.15458,11620.31590,39.9205750,116.3447578
$GNGGA,032417.000,3955.16255,11620.31534,39.9207079,116.3447485
$GNGGA,032418.000,3955.17044,11620.31480,39.9208393,116.3447395
$GNGGA,032419.000,3955.17829,11620.31438,39.9209702,116.3447325
$GNGGA,032420.000,3955.18629,11620.31417,39.9211035,116.3447290
$GNGGA,032421.000,3955.19441,11620.31411,39.9212388,116.3447280
$GNGGA,032422.000,3955.20266,11620.31402,39.9213763,116.3447265
$GNGGA,032423.000,3955.21099,11620.31382,39.9215152,116.3447232
$GNGGA,032424.000,3955.21917,11620.31347,39.9216515,116.3447174
$GNGGA,032425.000,3955.22715,11620.31302,39.9217845,116.3447099
$GNGGA,032426.000,3955.23494,11620.31256,39.9219143,116.3447022
$GNGGA,032427.000,3955.24258,11620.31211,39.9220416,116.3446947
$GNGGA,032428.000,3955.25003,11620.31165,39.9221658,116.3446871
$GNGGA,032429.000,3955.25721,11620.31130,39.9222855,116.3446812
$GNGGA,032430.000,3955.26409,11620.31109,39.9224001,116.3446777
$GNGGA,032431.000,3955.27068,11620.31084,39.9225100,116.3446736
$GNGGA,032432.000,3955.27680,11620.31047,39.9226119,116.3446674
$GNGGA,032433.000,3955.28262,11620.31000,39.9227089,116.3446596
$GNGGA,032434.000,3955.28837,11620.30955,39.9228048,116.3446521
$GNGGA,032435.000,3955.29422,11620.30907,39.9229022,116.3446441
$GNGGA,032436.000,3955.30020,11620.30849,39.9230019,116.3446344
$GNGGA,032437.000,3955.30635,11620.30765,39.9231044,116.3446204
$GNGGA,032438.000,3955.31267,11620.30657,39.9232097,116.3446023
$GNGGA,032439.000,3955.31916,11620.30539,39.9233178,116.3445826
$GNGGA,032440.000,3955.32579,11620.30409,39.9234283,116.3445609
$GNGGA,032441.000,3955.33261,11620.30274,39.9235419,116.3445384
$GNGGA,032442.000,3955.33961,11620.30159,39.9236585,116.3445192
$GNGGA,032443.000,3955.34682,11620.30078,39.9237787,116.3445057
$GNGGA,032444.000,3955.35417,11620.30017,39.9239012,116.3444955
$GNGGA,032445.000,3955.36159,11620.29956,39.9240248,116.3444853
$GNGGA,032446.000,3955.36916,11620.29883,39.9241510,116.3444732
$GNGGA,032447.000,3955.37682,11620.29795,39.9242786,116.3444585
$GNGGA,032448.000,3955.38458,11620.29705,39.9244079,116.3444435
$GNGGA,032449.000,3955.39246,11620.29613,39.9245392,116.3444281
$GNGGA,032450.000,3955.40038,11620.29496,39.9246712,116.3444086
$GNGGA,032451.000,3955.40848,11620.29391,39.9248062,116.3443911
$GNGGA,032452.000,3955.41674,11620.29307,39.9249438,116.3443770
$GNGGA,032453.000,3955.42502,11620.29211,39.9250818,116.3443610
$GNGGA,032454.000,3955.43355,11620.29125,39.9252240,116.3443467
$GNGGA,032455.000,3955.44219,11620.29040,39.9253679,116.3443325
$GNGGA,032456.000,3955.45078,11620.28948,39.9255111,116.3443171
$GNGGA,032457.000,3955.45924,11620.28844,39.9256520,116.3442998
$GNGGA,032458.000,3955.46752,11620.28695,39.9257900,116.3442749
$GNGGA,032459.000,3955.47571,11620.28513,39.9259265,116.3442445
$GNGGA,032500.000,3955.48392,11620.28351,39.9260632,116.3442175
$GNGGA,032501.000,3955.49222,11620.28234,39.9262015,116.3441980
$GNGGA,032502.000,3955.50056,11620.28145,39.9263405,116.3441831
$GNGGA,032503.000,3955.50892,11620.28049,39.9264798,116.3441671
$GNGGA,032504.000,3955.51722,11620.27939,39.9266181,116.3441487
$GNGGA,032505.000,3955.52523,11620.27835,39.9267516,116.3441314
$GNGGA,032506.000,3955.53276,11620.27752,39.9268771,116.3441175
$GNGGA,032507.000,3955.54000,11620.27671,39.9269977,116.3441040
$GNGGA,032508.000,3955.54733,11620.27590,39.9271199,116.3440905
$GNGGA,032509.000,3955.55463,11620.27520,39.9272415,116.3440788
$GNGGA,032510.000,3955.56180,11620.27459,39.9273610,116.3440686
$GNGGA,032511.000,3955.56886,11620.27379,39.9274787,116.3440553
$GNGGA,032512.000,3955.57595,11620.27284,39.9275968,116.3440394
$GNGGA,032513.000,3955.58309,11620.27190,39.9277158,116.3440238
$GNGGA,032514.000,3955.59025,11620.27095,39.9278351,116.3440079
$GNGGA,032515.000,3955.59744,11620.27002,39.9279549,116.3439924
$GNGGA,032516.000,3955.60444,11620.26910,39.9280715,116.3439770
$GNGGA,032517.000,3955.61063,11620.26835,39.9281747,116.3439645
$GNGGA,032518.000,3955.61591,11620.26794,39.9282627,116.3439577
$GNGGA,032519.000,3955.62086,11620.26778,39.9283452,116.3439550
$GNGGA,032520.000,3955.62591,11620.26780,39.9284293,116.3439554
$GNGGA,032521.000,3955.63089,11620.26796,39.9285124,116.3439580
$GNGGA,032522.000,3955.63525,11620.26811,39.9285850,116.3439606
$GNGGA,032523.000,3955.63929,11620.26826,39.9286524,116.3439631
$GNGGA,032524.000,3955.64342,11620.26830,39.9287212,116.3439637
$GNGGA,032525.000,3955.64770,11620.26823,39.9287925,116.3439626
$GNGGA,032526.000,3955.65213,11620.26815,39.9288664,116.3439613
$GNGGA,032527.000,3955.65673,11620.26810,39.9289430,116.3439604
$GNGGA,032528.000,3955.66152,11620.26813,39.9290229,116.3439609
$GNGGA,032529.000,3955.66660,11620.26820,39.9291076,116.3439621
$GNGGA,032530.000,3955.67193,11620.26827,39.9291964,116.3439633
$GNGGA,032531.000,3955.67755,11620.26831,39.9292901,116.3439640
$GNGGA,032532.000,3955.68346,11620.26835,39.9293886,116.3439647
$GNGGA,032533.000,3955.68962,11620.26839,39.9294912,116.3439654
$GNGGA,032534.000,3955.69602,11620.26844,39.9295979,116.3439662
$GNGGA,032535.000,3955.70273,11620.26854,39.9297098,116.3439679
$GNGGA,032536.000,3955.70962,11620.26864,39.9298246,116.3439696
$GNGGA,032537.000,3955.71678,11620.26874,39.9299439,116.3439713
$GNGGA,032538.000,3955.72423,11620.26890,39.9300681,116.3439739
$GNGGA,032539.000,3955.73193,11620.26906,39.9301965,116.3439766
$GNGGA,032540.000,3955.73989,11620.26925,39.9303291,116.3439798
$GNGGA,032541.000,3955.74812,11620.26942,39.9304663,116.3439827
$GNGGA,032542.000,3955.75655,11620.26956,39.9306068,116.3439850
$GNGGA,032543.000,3955.76512,11620.26969,39.9307497,116.3439872
$GNGGA,032544.000,3955.77358,11620.26991,39.9308907,116.3439909
$GNGGA,032545.000,3955.78158,11620.27018,39.9310240,116.3439954
$GNGGA,032546.000,3955.78893,11620.27046,39.9311465,116.3440001
$GNGGA,032547.000,3955.79577,11620.27080,39.9312606,116.3440058
$GNGGA,032548.000,3955.80208,11620.27122,39.9313657,116.3440129
$GNGGA,032549.000,3955.80778,11620.27170,39.9314608,116.3440209
$GNGGA,032550.000,3955.81302,11620.27214,39.9315481,116.3440283
$GNGGA,032551.000,3955.81774,11620.27253,39.9316268,116.3440348
$GNGGA,032552.000,3955.82175,11620.27282,39.9316936,116.3440396
$GNGGA,032553.000,3955.82496,11620.27296,39.9317471,116.3440420
$GNGGA,032554.000,3955.82738,11620.27303,39.9317875,116.3440431
$GNGGA,032555.000,3955.82900,11620.27309,39.9318145,116.3440442
$GNGGA,032556.000,3955.82992,11620.27311,39.9318298,116.3440445
$GNGGA,032557.000,3955.82996,11620.27310,39.9318305,116.3440443
$GNGGA,032558.000,3955.83000,11620.27308,39.9318312,116.3440440
$GNGGA,032559.000,3955.83005,11620.27308,39.9318320,116.3440440
$GNGGA,032600.000,3955.83008,11620.27310,39.9318325,116.3440443
$GNGGA,032601.000,3955.83010,11620.27311,39.9318328,116.3440445
$GNGGA,032602.000,3955.83010,11620.27311,39.9318328,116.3440445
$GNGGA,032603.000,3955.83009,11620.27311,39.9318327,116.3440445
$GNGGA,032604.000,3955.83007,11620.27313,39.9318323,116.3440448
$GNGGA,032605.000,3955.83005,11620.27315,39.9318320,116.3440452
$GNGGA,032606.000,3955.83003,11620.27318,39.9318317,116.3440457
$GNGGA,032607.000,3955.83001,11620.27320,39.9318313,116.3440460
$GNGGA,032608.000,3955.82999,11620.27321,39.9318310,116.3440462
$GNGGA,032609.000,3955.82999,11620.27321,39.9318310,116.3440462
$GNGGA,032610.000,3955.82998,11620.27321,39.9318308,116.3440462
$GNGGA,032611.000,3955.82997,11620.27323,39.9318307,116.3440465
$GNGGA,032612.000,3955.82997,11620.27325,39.9318307,116.3440468
$GNGGA,032613.000,3955.82997,11620.27326,39.9318307,116.3440470
$GNGGA,032614.000,3955.82996,11620.27326,39.9318305,116.3440470
$GNGGA,032615.000,3955.82996,11620.27326,39.9318305,116.3440470
$GNGGA,032616.000,3955.82995,11620.27326,39.9318303,116.3440470
$GNGGA,032617.000,3955.82995,11620.27326,39.9318303,116.3440470
$GNGGA,032618.000,3955.82995,11620.27326,39.9318303,116.3440470
$GNGGA,032619.000,3955.82993,11620.27326,39.9318300,116.3440470
$GNGGA,032620.000,3955.82992,11620.27325,39.9318298,116.3440468
$GNGGA,032621.000,3955.82991,11620.27325,39.9318297,116.3440468
$GNGGA,032622.000,3955.82990,11620.27325,39.9318295,116.3440468
$GNGGA,032623.000,3955.82989,11620.27325,39.9318293,116.3440468
$GNGGA,032624.000,3955.82989,11620.27325,39.9318293,116.3440468
$GNGGA,032625.000,3955.82988,11620.27326,39.9318292,116.3440470
$GNGGA,032626.000,3955.82987,11620.27328,39.9318290,116.3440473
$GNGGA,032627.000,3955.82986,11620.27329,39.9318288,116.3440475
$GNGGA,032628.000,3955.82986,11620.27330,39.9318288,116.3440477
$GNGGA,032629.000,3955.82986,11620.27332,39.9318288,116.3440480
$GNGGA,032630.000,3955.82986,11620.27333,39.9318288,116.3440482
$GNGGA,032631.000,3955.82987,11620.27334,39.9318290,116.3440483
$GNGGA,032632.000,3955.82987,11620.27334,39.9318290,116.3440483
$GNGGA,032633.000,3955.82987,11620.27334,39.9318290,116.3440483
$GNGGA,032634.000,3955.82988,11620.27333,39.9318292,116.3440482
$GNGGA,032635.000,3955.82989,11620.27333,39.9318293,116.3440482
$GNGGA,032636.000,3955.82989,11620.27332,39.9318293,116.3440480
$GNGGA,032637.000,3955.82990,11620.27332,39.9318295,116.3440480
$GNGGA,032638.000,3955.82991,11620.27331,39.9318297,116.3440478
$GNGGA,032639.000,3955.82991,11620.27330,39.9318297,116.3440477
$GNGGA,032640.000,3955.82992,11620.27329,39.9318298,116.3440475
$GNGGA,032641.000,3955.82992,11620.27328,39.9318298,116.3440473
$GNGGA,032642.000,3955.82992,11620.27326,39.9318298,116.3440470
$GNGGA,032643.000,3955.83021,11620.27316,39.9318347,116.3440453
$GNGGA,032644.000,3955.83089,11620.27310,39.9318460,116.3440443
$GNGGA,032645.000,3955.83195,11620.27308,39.9318637,116.3440440
$GNGGA,032646.000,3955.83345,11620.27305,39.9318887,116.3440435
$GNGGA,032647.000,3955.83538,11620.27304,39.9319208,116.3440433
$GNGGA,032648.000,3955.83770,11620.27307,39.9319595,116.3440438
$GNGGA,032649.000,3955.84038,11620.27313,39.9320042,116.3440448
$GNGGA,032650.000,3955.84345,11620.27319,39.9320553,116.3440459
$GNGGA,032651.000,3955.84688,11620.27333,39.9321125,116.3440482
$GNGGA,032652.000,3955.85061,11620.27357,39.9321747,116.3440522
$GNGGA,032653.000,3955.85469,11620.27385,39.9322427,116.3440569
$GNGGA,032654.000,3955.85907,11620.27415,39.9323157,116.3440619
$GNGGA,032655.000,3955.86355,11620.27443,39.9323904,116.3440666
$GNGGA,032656.000,3955.86805,11620.27468,39.9324654,116.3440708
$GNGGA,032657.000,3955.87274,11620.27496,39.9325436,116.3440755
$GNGGA,032658.000,3955.87766,11620.27523,39.9326256,116.3440800
