$GNGGA,031058.000,3955.91570,11620.25926,39.9332591,116.3438133
$GNGGA,031059.000,3955.91272,11620.25924,39.9332094,116.3438130
$GNGGA,031100.000,3955.90983,11620.25923,39.9331613,116.3438128
$GNGGA,031101.000,3955.90719,11620.25920,39.9331173,116.3438123
$GNGGA,031102.000,3955.90476,11620.25920,39.9330768,116.3438123
$GNGGA,031103.000,3955.90246,11620.25922,39.9330384,116.3438126
$GNGGA,031104.000,3955.90027,11620.25924,39.9330019,116.3438129
$GNGGA,031105.000,3955.89841,11620.25924,39.9329709,116.3438129
$GNGGA,031106.000,3955.89703,11620.25921,39.9329479,116.3438124
$GNGGA,031107.000,3955.89613,11620.25919,39.9329329,116.3438121
$GNGGA,031108.000,3955.89561,11620.25919,39.9329243,116.3438121
$GNGGA,031109.000,3955.89524,11620.25913,39.9329181,116.3438111
$GNGGA,031110.000,3955.89492,11620.25909,39.9329128,116.3438104
$GNGGA,031111.000,3955.89492,11620.25911,39.9329128,116.3438108
$GNGGA,031112.000,3955.89491,11620.25913,39.9329126,116.3438111
$GNGGA,031113.000,3955.89490,11620.25914,39.9329124,116.3438113
$GNGGA,031114.000,3955.89488,11620.25915,39.9329121,116.3438114
$GNGGA,031115.000,3955.89486,11620.25916,39.9329118,116.3438116
$GNGGA,031116.000,3955.89484,11620.25917,39.9329114,116.3438118
$GNGGA,031117.000,3955.89482,11620.25918,39.9329111,116.3438119
$GNGGA,031118.000,3955.89481,11620.25918,39.9329109,116.3438119
$GNGGA,031119.000,3955.89480,11620.25918,39.9329108,116.3438119
$GNGGA,031120.000,3955.89478,11620.25918,39.9329104,116.3438119
$GNGGA,031121.000,3955.89477,11620.25919,39.9329103,116.3438121
$GNGGA,031122.000,3955.89476,11620.25920,39.9329101,116.3438123
$GNGGA,031123.000,3955.89475,11620.25920,39.9329099,116.3438123
$GNGGA,031124.000,3955.89475,11620.25921,39.9329099,116.3438124
$GNGGA,031125.000,3955.89474,11620.25922,39.9329098,116.3438126
$GNGGA,031126.000,3955.89474,11620.25922,39.9329098,116.3438126
$GNGGA,031127.000,3955.89473,11620.25925,39.9329096,116.3438131
$GNGGA,031128.000,3955.89472,11620.25925,39.9329094,116.3438131
$GNGGA,031129.000,3955.89472,11620.25924,39.9329094,116.3438129
$GNGGA,031130.000,3955.89472,11620.25923,39.9329094,116.3438128
$GNGGA,031131.000,3955.89472,11620.25922,39.9329094,116.3438126
$GNGGA,031132.000,3955.89472,11620.25921,39.9329094,116.3438124
$GNGGA,031133.000,3955.89473,11620.25921,39.9329096,116.3438124
$GNGGA,031134.000,3955.89473,11620.25921,39.9329096,116.3438124
$GNGGA,031135.000,3955.89473,11620.25922,39.9329096,116.3438126
$GNGGA,031136.000,3955.89473,11620.25923,39.9329096,116.3438128
$GNGGA,031137.000,3955.89473,11620.25922,39.9329096,116.3438126
$GNGGA,031138.000,3955.89474,11620.25920,39.9329098,116.3438123
$GNGGA,031139.000,3955.89474,11620.25919,39.9329098,116.3438121
$GNGGA,031140.000,3955.89474,11620.25917,39.9329098,116.3438118
$GNGGA,031141.000,3955.89475,11620.25917,39.9329099,116.3438118
$GNGGA,031142.000,3955.89449,11620.25918,39.9329056,116.3438119
$GNGGA,031143.000,3955.89392,11620.25917,39.9328961,116.3438118
$GNGGA,031144.000,3955.89288,11620.25914,39.9328788,116.3438113
$GNGGA,031145.000,3955.89137,11620.25910,39.9328536,116.3438106
$GNGGA,031146.000,3955.88948,11620.25908,39.9328221,116.3438103
$GNGGA,031147.000,3955.88724,11620.25907,39.9327847,116.3438101
$GNGGA,031148.000,3955.88465,11620.25919,39.9327416,116.3438121
$GNGGA,031149.000,3955.88179,11620.25945,39.9326939,116.3438164
$GNGGA,031150.000,3955.87868,11620.25990,39.9326421,116.3438239
$GNGGA,031151.000,3955.87532,11620.26052,39.9325861,116.3438343
$GNGGA,031152.000,3955.87169,11620.26122,39.9325256,116.3438460
$GNGGA,031153.000,3955.86802,11620.26187,39.9324645,116.3438568
$GNGGA,031154.000,3955.86442,11620.26243,39.9324045,116.3438662
$GNGGA,031155.000,3955.86070,11620.26287,39.9323425,116.3438735
$GNGGA,031156.000,3955.85682,11620.26317,39.9322779,116.3438785
$GNGGA,031157.000,3955.85279,11620.26344,39.9322107,116.3438830
$GNGGA,031158.000,3955.84857,11620.26377,39.9321404,116.3438885
$GNGGA,031159.000,3955.84436,11620.26409,39.9320702,116.3438938
$GNGGA,031200.000,3955.84015,11620.26438,39.9320001,116.3438987
$GNGGA,031201.000,3955.83586,11620.26462,39.9319286,116.3439027
$GNGGA,031202.000,3955.83156,11620.26474,39.9318569,116.3439047
$GNGGA,031203.000,3955.82741,11620.26477,39.9317877,116.3439052
$GNGGA,031204.000,3955.82361,11620.26475,39.9317244,116.3439048
$GNGGA,031205.000,3955.81999,11620.26469,39.9316640,116.3439038
$GNGGA,031206.000,3955.81618,11620.26466,39.9316005,116.3439033
$GNGGA,031207.000,3955.81209,11620.26468,39.9315324,116.3439036
$GNGGA,031208.000,3955.80773,11620.26464,39.9314597,116.3439030
$GNGGA,031209.000,3955.80307,11620.26462,39.9313820,116.3439026
$GNGGA,031210.000,3955.79813,11620.26458,39.9312997,116.3439019
$GNGGA,031211.000,3955.79292,11620.26458,39.9312129,116.3439019
$GNGGA,031212.000,3955.78767,11620.26458,39.9311254,116.3439019
$GNGGA,031213.000,3955.78245,11620.26460,39.9310384,116.3439022
$GNGGA,031214.000,3955.77711,11620.26463,39.9309494,116.3439027
$GNGGA,031215.000,3955.77159,11620.26467,39.9308573,116.3439034
$GNGGA,031216.000,3955.76593,11620.26461,39.9307630,116.3439024
$GNGGA,031217.000,3955.76014,11620.26448,39.9306665,116.3439002
$GNGGA,031218.000,3955.75419,11620.26440,39.9305673,116.3438988
$GNGGA,031219.000,3955.74814,11620.26431,39.9304665,116.3438973
$GNGGA,031220.000,3955.74197,11620.26422,39.9303636,116.3438958
$GNGGA,031221.000,3955.73570,11620.26425,39.9302591,116.3438963
$GNGGA,031222.000,3955.72933,11620.26425,39.9301530,116.3438963
$GNGGA,031223.000,3955.72284,11620.26421,39.9300448,116.3438956
$GNGGA,031224.000,3955.71624,11620.26413,39.9299348,116.3438942
$GNGGA,031225.000,3955.70952,11620.26402,39.9298228,116.3438924
$GNGGA,031226.000,3955.70269,11620.26398,39.9297089,116.3438917
$GNGGA,031227.000,3955.69596,11620.26409,39.9295968,116.3438935
$GNGGA,031228.000,3955.69005,11620.26433,39.9294983,116.3438975
$GNGGA,031229.000,3955.68508,11620.26456,39.9294155,116.3439014
$GNGGA,031230.000,3955.68069,11620.26476,39.9293423,116.3439047
$GNGGA,031231.000,3955.67718,11620.26492,39.9292838,116.3439074
$GNGGA,031232.000,3955.67443,11620.26503,39.9292380,116.3439092
$GNGGA,031233.000,3955.67187,11620.26477,39.9291953,116.3439048
$GNGGA,031234.000,3955.66919,11620.26427,39.9291506,116.3438965
$GNGGA,031235.000,3955.66633,11620.26391,39.9291029,116.3438905
$GNGGA,031236.000,3955.66338,11620.26375,39.9290537,116.3438878
$GNGGA,031237.000,3955.66027,11620.26369,39.9290019,116.3438868
$GNGGA,031238.000,3955.65701,11620.26366,39.9289476,116.3438863
$GNGGA,031239.000,3955.65348,11620.26361,39.9288887,116.3438854
$GNGGA,031240.000,3955.64966,11620.26350,39.9288251,116.3438836
$GNGGA,031241.000,3955.64557,11620.26333,39.9287569,116.3438807
$GNGGA,031242.000,3955.64119,11620.26312,39.9286839,116.3438772
$GNGGA,031243.000,3955.63647,11620.26291,39.9286052,116.3438737
$GNGGA,031244.000,3955.63147,11620.26273,39.9285219,116.3438707
$GNGGA,031245.000,3955.62616,11620.26271,39.9284334,116.3438703
$GNGGA,031246.000,3955.62062,11620.26276,39.9283410,116.3438712
$GNGGA,031247.000,3955.61483,11620.26292,39.9282445,116.3438738
$GNGGA,031248.000,3955.60875,11620.26332,39.9281432,116.3438805
$GNGGA,031249.000,3955.60243,11620.26401,39.9280379,116.3438920
$GNGGA,031250.000,3955.59588,11620.26495,39.9279287,116.3439077
$GNGGA,031251.000,3955.58912,11620.26601,39.9278161,116.3439254
$GNGGA,031252.000,3955.58209,11620.26706,39.9276990,116.3439429
$GNGGA,031253.000,3955.57482,11620.26807,39.9275778,116.3439598
$GNGGA,031254.000,3955.56732,11620.26909,39.9274528,116.3439768
$GNGGA,031255.000,3955.55960,11620.27009,39.9273242,116.3439935
$GNGGA,031256.000,3955.55182,11620.27103,39.9271946,116.3440092
$GNGGA,031257.000,3955.54417,11620.27181,39.9270671,116.3440222
$GNGGA,031258.000,3955.53659,11620.27254,39.9269408,116.3440344
$GNGGA,031259.000,3955.52909,11620.27328,39.9268158,116.3440467
$GNGGA,031300.000,3955.52168,11620.27402,39.9266923,116.3440590
$GNGGA,031301.000,3955.51437,11620.27481,39.9265705,116.3440722
$GNGGA,031302.000,3955.50715,11620.27564,39.9264502,116.3440861
$GNGGA,031303.000,3955.50000,11620.27647,39.9263310,116.3440999
$GNGGA,031304.000,3955.49295,11620.27723,39.9262136,116.3441126
$GNGGA,031305.000,3955.48608,11620.27785,39.9260991,116.3441229
$GNGGA,031306.000,3955.47946,11620.27827,39.9259887,116.3441299
$GNGGA,031307.000,3955.47321,11620.27854,39.9258846,116.3441344
$GNGGA,031308.000,3955.46745,11620.27877,39.9257886,116.3441383
$GNGGA,031309.000,3955.46234,11620.27904,39.9257034,116.3441428
$GNGGA,031310.000,3955.45809,11620.27937,39.9256326,116.3441483
$GNGGA,031311.000,3955.45472,11620.27967,39.9255764,116.3441533
$GNGGA,031312.000,3955.45217,11620.27995,39.9255339,116.3441580
$GNGGA,031313.000,3955.45031,11620.28017,39.9255029,116.3441616
$GNGGA,031314.000,3955.44899,11620.28034,39.9254810,116.3441645
$GNGGA,031315.000,3955.44808,11620.28046,39.9254658,116.3441665
$GNGGA,031316.000,3955.44744,11620.28056,39.9254551,116.3441681
$GNGGA,031317.000,3955.44698,11620.28062,39.9254475,116.3441691
$GNGGA,031318.000,3955.44656,11620.28070,39.9254405,116.3441705
$GNGGA,031319.000,3955.44622,11620.28076,39.9254348,116.3441715
$GNGGA,031320.000,3955.44596,11620.28080,39.9254305,116.3441721
$GNGGA,031321.000,3955.44594,11620.28081,39.9254301,116.3441723
$GNGGA,031322.000,3955.44592,11620.28081,39.9254298,116.3441723
$GNGGA,031323.000,3955.44590,11620.28080,39.9254295,116.3441721
$GNGGA,031324.000,3955.44589,11620.28078,39.9254293,116.3441718
$GNGGA,031325.000,3955.44589,11620.28078,39.9254293,116.3441718
$GNGGA,031326.000,3955.44589,11620.28077,39.9254293,116.3441716
$GNGGA,031327.000,3955.44588,11620.28077,39.9254291,116.3441716
$GNGGA,031328.000,3955.44587,11620.28077,39.9254290,116.3441716
$GNGGA,031329.000,3955.44587,11620.28078,39.9254290,116.3441718
$GNGGA,031330.000,3955.44585,11620.28080,39.9254286,116.3441721
$GNGGA,031331.000,3955.44584,11620.28080,39.9254285,116.3441721
$GNGGA,031332.000,3955.44582,11620.28080,39.9254281,116.3441721
$GNGGA,031333.000,3955.44580,11620.28080,39.9254278,116.3441721
$GNGGA,031334.000,3955.44579,11620.28080,39.9254276,116.3441721
$GNGGA,031335.000,3955.44577,11620.28080,39.9254273,116.3441721
$GNGGA,031336.000,3955.44575,11620.28080,39.9254270,116.3441721
$GNGGA,031337.000,3955.44574,11620.28079,39.9254268,116.3441720
$GNGGA,031338.000,3955.44574,11620.28080,39.9254268,116.3441721
$GNGGA,031339.000,3955.44573,11620.28080,39.9254266,116.3441721
$GNGGA,031340.000,3955.44572,11620.28080,39.9254265,116.3441721
$GNGGA,031341.000,3955.44572,11620.28079,39.9254265,116.3441720
$GNGGA,031342.000,3955.44571,11620.28079,39.9254263,116.3441720
$GNGGA,031343.000,3955.44570,11620.28080,39.9254261,116.3441721
$GNGGA,031344.000,3955.44539,11620.28085,39.9254210,116.3441730
$GNGGA,031345.000,3955.44479,11620.28094,39.9254110,116.3441745
$GNGGA,031346.000,3955.44377,11620.28107,39.9253940,116.3441766
$GNGGA,031347.000,3955.44234,11620.28126,39.9253701,116.3441798
$GNGGA,031348.000,3955.44051,11620.28151,39.9253397,116.3441840
$GNGGA,031349.000,3955.43823,11620.28179,39.9253017,116.3441887
$GNGGA,031350.000,3955.43550,11620.28212,39.9252562,116.3441942
$GNGGA,031351.000,3955.43230,11620.28248,39.9252028,116.3442002
$GNGGA,031352.000,3955.42861,11620.28286,39.9251414,116.3442065
$GNGGA,031353.000,3955.42459,11620.28330,39.9250744,116.3442139
$GNGGA,031354.000,3955.42060,11620.28375,39.9250079,116.3442214
$GNGGA,031355.000,3955.41651,11620.28421,39.9249397,116.3442290
$GNGGA,031356.000,3955.41210,11620.28464,39.9248662,116.3442362
$GNGGA,031357.000,3955.40734,11620.28504,39.9247869,116.3442429
$GNGGA,031358.000,3955.40232,11620.28547,39.9247032,116.3442501
$GNGGA,031359.000,3955.39700,11620.28602,39.9246146,116.3442592
$GNGGA,031400.000,3955.39141,11620.28665,39.9245214,116.3442697
$GNGGA,031401.000,3955.38554,11620.28731,39.9244236,116.3442808
$GNGGA,031402.000,3955.37948,11620.28797,39.9243226,116.3442918
$GNGGA,031403.000,3955.37352,11620.28865,39.9242233,116.3443031
$GNGGA,031404.000,3955.36766,11620.28936,39.9241257,116.3443150
$GNGGA,031405.000,3955.36172,11620.29007,39.9240267,116.3443268
$GNGGA,031406.000,3955.35571,11620.29081,39.9239265,116.3443392
$GNGGA,031407.000,3955.34984,11620.29155,39.9238287,116.3443515
$GNGGA,031408.000,3955.34420,11620.29226,39.9237348,116.3443634
$GNGGA,031409.000,3955.33875,11620.29296,39.9236439,116.3443750
$GNGGA,031410.000,3955.33357,11620.29372,39.9235576,116.3443877
$GNGGA,031411.000,3955.32871,11620.29460,39.9234767,116.3444024
$GNGGA,031412.000,3955.32408,11620.29555,39.9233995,116.3444183
$GNGGA,031413.000,3955.31953,11620.29659,39.9233237,116.3444356
$GNGGA,031414.000,3955.31476,11620.29756,39.9232442,116.3444518
$GNGGA,031415.000,3955.30997,11620.29861,39.9231644,116.3444694
$GNGGA,031416.000,3955.30518,11620.29967,39.9230846,116.3444871
$GNGGA,031417.000,3955.30071,11620.30054,39.9230102,116.3445016
$GNGGA,031418.000,3955.29631,11620.30107,39.9229368,116.3445104
$GNGGA,031419.000,3955.29169,11620.30142,39.9228598,116.3445163
$GNGGA,031420.000,3955.28681,11620.30174,39.9227785,116.3445216
$GNGGA,031421.000,3955.28169,11620.30208,39.9226932,116.3445273
$GNGGA,031422.000,3955.27628,11620.30244,39.9226030,116.3445333
$GNGGA,031423.000,3955.27059,11620.30281,39.9225082,116.3445394
$GNGGA,031424.000,3955.26461,11620.30318,39.9224085,116.3445456
$GNGGA,031425.000,3955.25833,11620.30361,39.9223039,116.3445528
$GNGGA,031426.000,3955.25181,11620.30406,39.9221952,116.3445603
$GNGGA,031427.000,3955.24506,11620.30450,39.9220827,116.3445676
$GNGGA,031428.000,3955.23811,11620.30492,39.9219669,116.3445746
$GNGGA,031429.000,3955.23095,11620.30539,39.9218476,116.3445824
$GNGGA,031430.000,3955.22357,11620.30591,39.9217246,116.3445911
$GNGGA,031431.000,3955.21595,11620.30647,39.9215976,116.3446005
$GNGGA,031432.000,3955.20825,11620.30704,39.9214693,116.3446100
$GNGGA,031433.000,3955.20064,11620.30758,39.9213425,116.3446190
$GNGGA,031434.000,3955.19298,11620.30818,39.9212148,116.3446290
$GNGGA,031435.000,3955.18519,11620.30910,39.9210850,116.3446443
$GNGGA,031436.000,3955.17727,11620.31029,39.9209530,116.3446642
$GNGGA,031437.000,3955.16920,11620.31129,39.9208186,116.3446809
$GNGGA,031438.000,3955.16093,11620.31202,39.9206807,116.3446930
$GNGGA,031439.000,3955.15249,11620.31263,39.9205401,116.3447032
$GNGGA,031440.000,3955.14391,11620.31316,39.9203971,116.3447121
$GNGGA,031441.000,3955.13517,11620.31367,39.9202514,116.3447206
$GNGGA,031442.000,3955.12629,11620.31412,39.9201035,116.3447281
$GNGGA,031443.000,3955.11727,11620.31457,39.9199531,116.3447356
$GNGGA,031444.000,3955.10808,11620.31508,39.9198000,116.3447441
$GNGGA,031445.000,3955.09877,11620.31558,39.9196448,116.3447524
$GNGGA,031446.000,3955.08933,11620.31617,39.9194875,116.3447622
$GNGGA,031447.000,3955.07992,11620.31680,39.9193307,116.3447727
$GNGGA,031448.000,3955.07069,11620.31739,39.9191769,116.3447826
$GNGGA,031449.000,3955.06164,11620.31794,39.9190260,116.3447917
$GNGGA,031450.000,3955.05274,11620.31850,39.9188777,116.3448011
$GNGGA,031451.000,3955.04392,11620.31908,39.9187307,116.3448107
$GNGGA,031452.000,3955.03511,11620.31958,39.9185839,116.3448191
$GNGGA,031453.000,3955.02619,11620.32012,39.9184352,116.3448281
$GNGGA,031454.000,3955.01720,11620.32071,39.9182854,116.3448379
$GNGGA,031455.000,3955.00829,11620.32128,39.9181369,116.3448474
$GNGGA,031456.000,3954.99980,11620.32182,39.9179954,116.3448564
$GNGGA,031457.000,3954.99197,11620.32236,39.9178650,116.3448654
$GNGGA,031458.000,3954.98444,11620.32288,39.9177395,116.3448741
$GNGGA,031459.000,3954.97685,11620.32340,39.9176130,116.3448828
$GNGGA,031500.000,3954.96915,11620.32398,39.9174847,116.3448924
$GNGGA,031501.000,3954.96131,11620.32456,39.9173540,116.3449021
$GNGGA,031502.000,3954.95335,11620.32517,39.9172213,116.3449123
$GNGGA,031503.000,3954.94525,11620.32580,39.9170864,116.3449228
$GNGGA,031504.000,3954.93701,11620.32643,39.9169490,116.3449333
$GNGGA,031505.000,3954.92862,11620.32703,39.9168092,116.3449433
$GNGGA,031506.000,3954.92005,11620.32760,39.9166664,116.3449528
$GNGGA,031507.000,3954.91145,11620.32809,39.9165231,116.3449610
$GNGGA,031508.000,3954.90293,11620.32855,39.9163811,116.3449686
$GNGGA,031509.000,3954.89441,11620.32911,39.9162391,116.3449780
$GNGGA,031510.000,3954.88575,11620.32974,39.9160948,116.3449885
$GNGGA,031511.000,3954.87700,11620.33041,39.9159490,116.3449996
$GNGGA,031512.000,3954.86839,11620.33099,39.9158055,116.3450093
$GNGGA,031513.000,3954.86010,11620.33146,39.9156673,116.3450171
$GNGGA,031514.000,3954.85266,11620.33186,39.9155433,116.3450238
$GNGGA,031515.000,3954.84599,11620.33221,39.9154322,116.3450296
$GNGGA,031516.000,3954.84015,11620.33251,39.9153348,116.3450346
$GNGGA,031517.000,3954.83517,11620.33271,39.9152518,116.3450380
$GNGGA,031518.000,3954.83094,11620.33282,39.9151813,116.3450398
$GNGGA,031519.000,3954.82745,11620.33294,39.9151232,116.3450418
$GNGGA,031520.000,3954.82480,11620.33305,39.9150790,116.3450436
$GNGGA,031521.000,3954.82291,11620.33313,39.9150475,116.3450450
$GNGGA,031522.000,3954.82158,11620.33320,39.9150253,116.3450461
$GNGGA,031523.000,3954.82064,11620.33323,39.9150097,116.3450466
$GNGGA,031524.000,3954.81983,11620.33327,39.9149962,116.3450473
$GNGGA,031525.000,3954.81899,11620.33331,39.9149822,116.3450480
$GNGGA,031526.000,3954.81796,11620.33334,39.9149650,116.3450485
$GNGGA,031527.000,3954.81660,11620.33338,39.9149423,116.3450491
$GNGGA,031528.000,3954.81491,11620.33343,39.9149142,116.3450500
$GNGGA,031529.000,3954.81270,11620.33350,39.9148773,116.3450511
$GNGGA,031530.000,3954.81002,11620.33358,39.9148327,116.3450525
$GNGGA,031531.000,3954.80682,11620.33371,39.9147793,116.3450546
$GNGGA,031532.000,3954.80314,11620.33386,39.9147180,116.3450571
$GNGGA,031533.000,3954.79909,11620.33406,39.9146505,116.3450604
$GNGGA,031534.000,3954.79509,11620.33439,39.9145839,116.3450660
$GNGGA,031535.000,3954.79102,11620.33476,39.9145160,116.3450721
$GNGGA,031536.000,3954.78678,11620.33507,39.9144454,116.3450773
$GNGGA,031537.000,3954.78231,11620.33533,39.9143709,116.3450816
$GNGGA,031538.000,3954.77763,11620.33553,39.9142929,116.3450850
$GNGGA,031539.000,3954.77268,11620.33574,39.9142104,116.3450885
$GNGGA,031540.000,3954.76749,11620.33604,39.9141239,116.3450935
$GNGGA,031541.000,3954.76207,11620.33647,39.9140336,116.3451006
$GNGGA,031542.000,3954.75640,11620.33697,39.9139391,116.3451090
$GNGGA,031543.000,3954.75049,11620.33753,39.9138406,116.3451183
$GNGGA,031544.000,3954.74434,11620.33810,39.9137381,116.3451278
$GNGGA,031545.000,3954.73794,11620.33861,39.9136314,116.3451363
$GNGGA,031546.000,3954.73130,11620.33902,39.9135208,116.3451432
$GNGGA,031547.000,3954.72445,11620.33939,39.9134066,116.3451493
$GNGGA,031548.000,3954.71737,11620.33963,39.9132886,116.3451533
$GNGGA,031549.000,3954.71019,11620.33954,39.9131690,116.3451518
$GNGGA,031550.000,3954.70306,11620.33919,39.9130501,116.3451459
$GNGGA,031551.000,3954.69589,11620.33867,39.9129306,116.3451372
$GNGGA,031552.000,3954.68863,11620.33816,39.9128096,116.3451287
$GNGGA,031553.000,3954.68123,11620.33770,39.9126862,116.3451210
$GNGGA,031554.000,3954.67374,11620.33747,39.9125614,116.3451171
$GNGGA,031555.000,3954.66634,11620.33760,39.9124380,116.3451193
$GNGGA,031556.000,3954.65924,11620.33762,39.9123197,116.3451196
$GNGGA,031557.000,3954.65243,11620.33729,39.9122062,116.3451141
$GNGGA,031558.000,3954.64578,11620.33675,39.9120953,116.3451051
$GNGGA,031559.000,3954.63913,11620.33606,39.9119845,116.3450935
$GNGGA,031600.000,3954.63253,11620.33521,39.9118744,116.3450793
$GNGGA,031601.000,3954.62574,11620.33419,39.9117612,116.3450623
$GNGGA,031602.000,3954.61876,11620.33306,39.9116449,116.3450434
$GNGGA,031603.000,3954.61167,11620.33180,39.9115266,116.3450223
$GNGGA,031604.000,3954.60455,11620.33038,39.9114079,116.3449986
$GNGGA,031605.000,3954.59739,11620.32880,39.9112885,116.3449722
$GNGGA,031606.000,3954.59006,11620.32695,39.9111663,116.3449412
$GNGGA,031607.000,3954.58261,11620.32495,39.9110421,116.3449078
$GNGGA,031608.000,3954.57499,11620.32278,39.9109150,116.3448716
$GNGGA,031609.000,3954.56723,11620.32047,39.9107856,116.3448329
$GNGGA,031610.000,3954.55938,11620.31789,39.9106547,116.3447898
$GNGGA,031611.000,3954.55146,11620.31487,39.9105226,116.3447394
$GNGGA,031612.000,3954.54343,11620.31164,39.9103886,116.3446854
$GNGGA,031613.000,3954.53521,11620.30833,39.9102515,116.3446301
$GNGGA,031614.000,3954.52682,11620.30506,39.9101116,116.3445755
$GNGGA,031615.000,3954.51823,11620.30192,39.9099683,116.3445230
$GNGGA,031616.000,3954.50946,11620.29896,39.9098220,116.3444735
$GNGGA,031617.000,3954.50051,11620.29611,39.9096728,116.3444259
$GNGGA,031618.000,3954.49143,11620.29336,39.9095214,116.3443799
$GNGGA,031619.000,3954.48222,11620.29059,39.9093678,116.3443336
$GNGGA,031620.000,3954.47295,11620.28772,39.9092132,116.3442857
$GNGGA,031621.000,3954.46363,11620.28485,39.9090577,116.3442377
$GNGGA,031622.000,3954.45434,11620.28196,39.9089028,116.3441894
$GNGGA,031623.000,3954.44518,11620.27905,39.9087500,116.3441408
$GNGGA,031624.000,3954.43650,11620.27624,39.9086053,116.3440938
$GNGGA,031625.000,3954.42911,11620.27396,39.9084820,116.3440557
$GNGGA,031626.000,3954.42372,11620.27248,39.9083922,116.3440310
$GNGGA,031627.000,3954.41964,11620.27138,39.9083241,116.3440126
$GNGGA,031628.000,3954.41585,11620.27013,39.9082609,116.3439917
