$GNGGA,085408.000,3954.51743,11620.31037,39.9099552,116.3446641
$GNGGA,085409.000,3954.52562,11620.31286,39.9100918,116.3447057
$GNGGA,085410.000,3954.53403,11620.31546,39.9102321,116.3447492
$GNGGA,085411.000,3954.54265,11620.31809,39.9103758,116.3447931
$GNGGA,085412.000,3954.55145,11620.32075,39.9105226,116.3448376
$GNGGA,085413.000,3954.56044,11620.32337,39.9106725,116.3448814
$GNGGA,085414.000,3954.56940,11620.32606,39.9108219,116.3449263
$GNGGA,085415.000,3954.57815,11620.32861,39.9109679,116.3449689
$GNGGA,085416.000,3954.58695,11620.33090,39.9111146,116.3450072
$GNGGA,085417.000,3954.59610,11620.33299,39.9112672,116.3450421
$GNGGA,085418.000,3954.60542,11620.33510,39.9114226,116.3450774
$GNGGA,085419.000,3954.61489,11620.33737,39.9115805,116.3451154
$GNGGA,085420.000,3954.62450,11620.33969,39.9117407,116.3451541
$GNGGA,085421.000,3954.63431,11620.34177,39.9119043,116.3451889
$GNGGA,085422.000,3954.64443,11620.34336,39.9120730,116.3452155
$GNGGA,085423.000,3954.65459,11620.34447,39.9122424,116.3452340
$GNGGA,085424.000,3954.66460,11620.34538,39.9124093,116.3452493
$GNGGA,085425.000,3954.67435,11620.34595,39.9125718,116.3452588
$GNGGA,085426.000,3954.68347,11620.34630,39.9127238,116.3452647
$GNGGA,085427.000,3954.69200,11620.34657,39.9128660,116.3452692
$GNGGA,085428.000,3954.70004,11620.34666,39.9130000,116.3452707
$GNGGA,085429.000,3954.70788,11620.34671,39.9131307,116.3452716
$GNGGA,085430.000,3954.71532,11620.34665,39.9132547,116.3452706
$GNGGA,085431.000,3954.72204,11620.34645,39.9133667,116.3452672
$GNGGA,085432.000,3954.72770,11620.34607,39.9134610,116.3452609
$GNGGA,085433.000,3954.73253,11620.34572,39.9135415,116.3452551
$GNGGA,085434.000,3954.73677,11620.34556,39.9136122,116.3452524
$GNGGA,085435.000,3954.74025,11620.34536,39.9136702,116.3452491
$GNGGA,085436.000,3954.74302,11620.34519,39.9137163,116.3452462
$GNGGA,085437.000,3954.74498,11620.34508,39.9137490,116.3452444
$GNGGA,085438.000,3954.74598,11620.34501,39.9137657,116.3452432
$GNGGA,085439.000,3954.74603,11620.34500,39.9137665,116.3452431
$GNGGA,085440.000,3954.74605,11620.34504,39.9137668,116.3452437
$GNGGA,085441.000,3954.74606,11620.34505,39.9137670,116.3452439
$GNGGA,085442.000,3954.74606,11620.34503,39.9137670,116.3452436
$GNGGA,085443.000,3954.74605,11620.34503,39.9137668,116.3452436
$GNGGA,085444.000,3954.74605,11620.34506,39.9137668,116.3452441
$GNGGA,085445.000,3954.74604,11620.34506,39.9137667,116.3452441
$GNGGA,085446.000,3954.74604,11620.34505,39.9137667,116.3452439
$GNGGA,085447.000,3954.74605,11620.34503,39.9137668,116.3452436
$GNGGA,085448.000,3954.74607,11620.34501,39.9137672,116.3452432
$GNGGA,085449.000,3954.74608,11620.34499,39.9137673,116.3452429
$GNGGA,085450.000,3954.74610,11620.34497,39.9137677,116.3452426
$GNGGA,085451.000,3954.74613,11620.34497,39.9137682,116.3452426
$GNGGA,085452.000,3954.74615,11620.34497,39.9137685,116.3452426
$GNGGA,085453.000,3954.74618,11620.34498,39.9137690,116.3452427
$GNGGA,085454.000,3954.74621,11620.34499,39.9137695,116.3452429
$GNGGA,085455.000,3954.74624,11620.34501,39.9137700,116.3452432
$GNGGA,085456.000,3954.74626,11620.34502,39.9137703,116.3452434
$GNGGA,085457.000,3954.74629,11620.34503,39.9137708,116.3452436
$GNGGA,085458.000,3954.74632,11620.34506,39.9137713,116.3452441
$GNGGA,085459.000,3954.74634,11620.34511,39.9137717,116.3452449
$GNGGA,085500.000,3954.74636,11620.34515,39.9137720,116.3452456
$GNGGA,085501.000,3954.74637,11620.34518,39.9137722,116.3452461
$GNGGA,085502.000,3954.74638,11620.34520,39.9137723,116.3452464
$GNGGA,085503.000,3954.74639,11620.34521,39.9137725,116.3452466
$GNGGA,085504.000,3954.74639,11620.34521,39.9137725,116.3452466
$GNGGA,085505.000,3954.74638,11620.34520,39.9137723,116.3452464
$GNGGA,085506.000,3954.74638,11620.34519,39.9137723,116.3452463
$GNGGA,085507.000,3954.74638,11620.34516,39.9137723,116.3452458
$GNGGA,085508.000,3954.74638,11620.34512,39.9137723,116.3452451
$GNGGA,085509.000,3954.74639,11620.34510,39.9137725,116.3452448
$GNGGA,085510.000,3954.74640,11620.34508,39.9137727,116.3452444
$GNGGA,085511.000,3954.74641,11620.34506,39.9137728,116.3452441
$GNGGA,085512.000,3954.74642,11620.34505,39.9137730,116.3452439
$GNGGA,085513.000,3954.74643,11620.34504,39.9137732,116.3452437
$GNGGA,085514.000,3954.74644,11620.34503,39.9137733,116.3452436
$GNGGA,085515.000,3954.74645,11620.34503,39.9137735,116.3452436
$GNGGA,085516.000,3954.74645,11620.34503,39.9137735,116.3452436
$GNGGA,085517.000,3954.74645,11620.34502,39.9137735,116.3452434
$GNGGA,085518.000,3954.74644,11620.34503,39.9137733,116.3452436
$GNGGA,085519.000,3954.74643,11620.34502,39.9137732,116.3452434
$GNGGA,085520.000,3954.74641,11620.34501,39.9137728,116.3452432
$GNGGA,085521.000,3954.74640,11620.34500,39.9137727,116.3452431
$GNGGA,085522.000,3954.74639,11620.34500,39.9137725,116.3452431
$GNGGA,085523.000,3954.74638,11620.34499,39.9137723,116.3452429
$GNGGA,085524.000,3954.74636,11620.34499,39.9137720,116.3452429
$GNGGA,085525.000,3954.74634,11620.34499,39.9137717,116.3452429
$GNGGA,085526.000,3954.74633,11620.34498,39.9137715,116.3452427
$GNGGA,085527.000,3954.74630,11620.34498,39.9137710,116.3452427
$GNGGA,085528.000,3954.74628,11620.34497,39.9137707,116.3452426
$GNGGA,085529.000,3954.74626,11620.34497,39.9137703,116.3452426
$GNGGA,085530.000,3954.74624,11620.34497,39.9137700,116.3452426
$GNGGA,085531.000,3954.74622,11620.34497,39.9137697,116.3452426
$GNGGA,085532.000,3954.74620,11620.34498,39.9137693,116.3452427
$GNGGA,085533.000,3954.74619,11620.34498,39.9137692,116.3452427
$GNGGA,085534.000,3954.74618,11620.34499,39.9137690,116.3452429
$GNGGA,085535.000,3954.74618,11620.34500,39.9137690,116.3452431
$GNGGA,085536.000,3954.74618,11620.34501,39.9137690,116.3452432
$GNGGA,085537.000,3954.74618,11620.34503,39.9137690,116.3452436
$GNGGA,085538.000,3954.74618,11620.34504,39.9137690,116.3452437
$GNGGA,085539.000,3954.74617,11620.34505,39.9137688,116.3452439
$GNGGA,085540.000,3954.74617,11620.34506,39.9137688,116.3452441
$GNGGA,085541.000,3954.74617,11620.34507,39.9137688,116.3452442
$GNGGA,085542.000,3954.74617,11620.34507,39.9137688,116.3452442
$GNGGA,085543.000,3954.74616,11620.34507,39.9137687,116.3452442
$GNGGA,085544.000,3954.74616,11620.34508,39.9137687,116.3452444
$GNGGA,085545.000,3954.74615,11620.34507,39.9137685,116.3452442
$GNGGA,085546.000,3954.74616,11620.34508,39.9137687,116.3452444
$GNGGA,085547.000,3954.74617,11620.34509,39.9137688,116.3452446
$GNGGA,085548.000,3954.74618,11620.34509,39.9137690,116.3452446
$GNGGA,085549.000,3954.74619,11620.34509,39.9137692,116.3452446
$GNGGA,085550.000,3954.74621,11620.34509,39.9137695,116.3452446
$GNGGA,085551.000,3954.74622,11620.34509,39.9137697,116.3452446
$GNGGA,085552.000,3954.74623,11620.34508,39.9137698,116.3452444
$GNGGA,085553.000,3954.74624,11620.34508,39.9137700,116.3452444
$GNGGA,085554.000,3954.74624,11620.34508,39.9137700,116.3452444
$GNGGA,085555.000,3954.74625,11620.34507,39.9137702,116.3452442
$GNGGA,085556.000,3954.74625,11620.34506,39.9137702,116.3452441
$GNGGA,085557.000,3954.74626,11620.34506,39.9137703,116.3452441
$GNGGA,085558.000,3954.74626,11620.34506,39.9137703,116.3452441
$GNGGA,085559.000,3954.74627,11620.34506,39.9137705,116.3452441
$GNGGA,085600.000,3954.74708,11620.34496,39.9137840,116.3452424
$GNGGA,085601.000,3954.74859,11620.34481,39.9138091,116.3452399
$GNGGA,085602.000,3954.75074,11620.34467,39.9138450,116.3452376
$GNGGA,085603.000,3954.75300,11620.34454,39.9138826,116.3452354
$GNGGA,085604.000,3954.75548,11620.34435,39.9139240,116.3452322
$GNGGA,085605.000,3954.75848,11620.34413,39.9139740,116.3452286
$GNGGA,085606.000,3954.76195,11620.34389,39.9140318,116.3452246
$GNGGA,085607.000,3954.76592,11620.34360,39.9140980,116.3452197
$GNGGA,085608.000,3954.77034,11620.34329,39.9141716,116.3452146
$GNGGA,085609.000,3954.77510,11620.34297,39.9142509,116.3452092
$GNGGA,085610.000,3954.77991,11620.34268,39.9143311,116.3452044
$GNGGA,085611.000,3954.78485,11620.34216,39.9144134,116.3451957
$GNGGA,085612.000,3954.79005,11620.34140,39.9145001,116.3451830
$GNGGA,085613.000,3954.79551,11620.34058,39.9145910,116.3451694
$GNGGA,085614.000,3954.80129,11620.33993,39.9146874,116.3451585
$GNGGA,085615.000,3954.80739,11620.33944,39.9147890,116.3451503
$GNGGA,085616.000,3954.81366,11620.33903,39.9148935,116.3451435
$GNGGA,085617.000,3954.81992,11620.33874,39.9149978,116.3451387
$GNGGA,085618.000,3954.82612,11620.33842,39.9151012,116.3451333
$GNGGA,085619.000,3954.83244,11620.33803,39.9152065,116.3451268
$GNGGA,085620.000,3954.83899,11620.33763,39.9153157,116.3451202
$GNGGA,085621.000,3954.84560,11620.33719,39.9154258,116.3451128
$GNGGA,085622.000,3954.85234,11620.33671,39.9155381,116.3451048
$GNGGA,085623.000,3954.85920,11620.33622,39.9156525,116.3450967
$GNGGA,085624.000,3954.86623,11620.33580,39.9157696,116.3450897
$GNGGA,085625.000,3954.87341,11620.33536,39.9158893,116.3450823
$GNGGA,085626.000,3954.88082,11620.33494,39.9160128,116.3450753
$GNGGA,085627.000,3954.88813,11620.33442,39.9161346,116.3450666
$GNGGA,085628.000,3954.89543,11620.33396,39.9162562,116.3450590
$GNGGA,085629.000,3954.90281,11620.33350,39.9163792,116.3450513
$GNGGA,085630.000,3954.91033,11620.33300,39.9165046,116.3450430
$GNGGA,085631.000,3954.91792,11620.33239,39.9166310,116.3450328
$GNGGA,085632.000,3954.92558,11620.33161,39.9167587,116.3450198
$GNGGA,085633.000,3954.93312,11620.33073,39.9168843,116.3450051
$GNGGA,085634.000,3954.94051,11620.32989,39.9170075,116.3449911
$GNGGA,085635.000,3954.94781,11620.32916,39.9171291,116.3449789
$GNGGA,085636.000,3954.95503,11620.32865,39.9172495,116.3449704
$GNGGA,085637.000,3954.96215,11620.32818,39.9173681,116.3449626
$GNGGA,085638.000,3954.96911,11620.32772,39.9174841,116.3449549
$GNGGA,085639.000,3954.97566,11620.32728,39.9175933,116.3449476
$GNGGA,085640.000,3954.98171,11620.32692,39.9176941,116.3449416
$GNGGA,085641.000,3954.98720,11620.32661,39.9177856,116.3449364
$GNGGA,085642.000,3954.99210,11620.32642,39.9178672,116.3449332
$GNGGA,085643.000,3954.99635,11620.32629,39.9179381,116.3449311
$GNGGA,085644.000,3954.99998,11620.32622,39.9179986,116.3449299
$GNGGA,085645.000,3955.00293,11620.32610,39.9180477,116.3449279
$GNGGA,085646.000,3955.00525,11620.32601,39.9180864,116.3449264
$GNGGA,085647.000,3955.00707,11620.32591,39.9181167,116.3449247
$GNGGA,085648.000,3955.00847,11620.32579,39.9181401,116.3449227
$GNGGA,085649.000,3955.00941,11620.32573,39.9181557,116.3449217
$GNGGA,085650.000,3955.01000,11620.32569,39.9181656,116.3449211
$GNGGA,085651.000,3955.01005,11620.32569,39.9181664,116.3449211
$GNGGA,085652.000,3955.01011,11620.32569,39.9181674,116.3449211
$GNGGA,085653.000,3955.01017,11620.32571,39.9181684,116.3449214
$GNGGA,085654.000,3955.01022,11620.32575,39.9181692,116.3449221
$GNGGA,085655.000,3955.01028,11620.32580,39.9181702,116.3449229
$GNGGA,085656.000,3955.01036,11620.32587,39.9181716,116.3449241
$GNGGA,085657.000,3955.01043,11620.32593,39.9181727,116.3449251
$GNGGA,085658.000,3955.01049,11620.32598,39.9181737,116.3449259
$GNGGA,085659.000,3955.01053,11620.32601,39.9181744,116.3449264
$GNGGA,085700.000,3955.01057,11620.32603,39.9181751,116.3449268
$GNGGA,085701.000,3955.01061,11620.32604,39.9181757,116.3449269
$GNGGA,085702.000,3955.01063,11620.32605,39.9181761,116.3449271
$GNGGA,085703.000,3955.01066,11620.32606,39.9181766,116.3449273
$GNGGA,085704.000,3955.01068,11620.32606,39.9181769,116.3449273
$GNGGA,085705.000,3955.01072,11620.32608,39.9181776,116.3449276
$GNGGA,085706.000,3955.01076,11620.32610,39.9181782,116.3449279
$GNGGA,085707.000,3955.01078,11620.32614,39.9181786,116.3449286
$GNGGA,085708.000,3955.01082,11620.32620,39.9181793,116.3449296
$GNGGA,085709.000,3955.01085,11620.32623,39.9181798,116.3449301
$GNGGA,085710.000,3955.01087,11620.32624,39.9181801,116.3449303
$GNGGA,085711.000,3955.01088,11620.32624,39.9181803,116.3449303
$GNGGA,085712.000,3955.01089,11620.32621,39.9181804,116.3449298
$GNGGA,085713.000,3955.01088,11620.32618,39.9181803,116.3449293
$GNGGA,085714.000,3955.01088,11620.32611,39.9181802,116.3449281
$GNGGA,085715.000,3955.01087,11620.32605,39.9181801,116.3449271
$GNGGA,085716.000,3955.01127,11620.32602,39.9181867,116.3449266
$GNGGA,085717.000,3955.01222,11620.32591,39.9182026,116.3449248
$GNGGA,085718.000,3955.01398,11620.32574,39.9182319,116.3449219
$GNGGA,085719.000,3955.01643,11620.32551,39.9182727,116.3449181
$GNGGA,085720.000,3955.01962,11620.32522,39.9183259,116.3449132
$GNGGA,085721.000,3955.02353,11620.32493,39.9183911,116.3449084
$GNGGA,085722.000,3955.02785,11620.32463,39.9184630,116.3449034
$GNGGA,085723.000,3955.03223,11620.32429,39.9185360,116.3448977
$GNGGA,085724.000,3955.03694,11620.32386,39.9186145,116.3448906
$GNGGA,085725.000,3955.04214,11620.32339,39.9187012,116.3448827
$GNGGA,085726.000,3955.04786,11620.32293,39.9187965,116.3448751
$GNGGA,085727.000,3955.05399,11620.32247,39.9188987,116.3448674
$GNGGA,085728.000,3955.06038,11620.32206,39.9190052,116.3448605
$GNGGA,085729.000,3955.06668,11620.32166,39.9191101,116.3448539
$GNGGA,085730.000,3955.07301,11620.32120,39.9192156,116.3448462
$GNGGA,085731.000,3955.07949,11620.32068,39.9193236,116.3448375
$GNGGA,085732.000,3955.08612,11620.32012,39.9194341,116.3448282
$GNGGA,085733.000,3955.09289,11620.31957,39.9195469,116.3448190
$GNGGA,085734.000,3955.09979,11620.31903,39.9196619,116.3448100
$GNGGA,085735.000,3955.10685,11620.31858,39.9197796,116.3448025
$GNGGA,085736.000,3955.11405,11620.31815,39.9198996,116.3447953
$GNGGA,085737.000,3955.12142,11620.31773,39.9200224,116.3447883
$GNGGA,085738.000,3955.12894,11620.31722,39.9201477,116.3447798
$GNGGA,085739.000,3955.13663,11620.31666,39.9202759,116.3447705
$GNGGA,085740.000,3955.14448,11620.31609,39.9204067,116.3447610
$GNGGA,085741.000,3955.15252,11620.31554,39.9205407,116.3447518
$GNGGA,085742.000,3955.16045,11620.31507,39.9206728,116.3447440
$GNGGA,085743.000,3955.16838,11620.31464,39.9208050,116.3447368
$GNGGA,085744.000,3955.17633,11620.31435,39.9209375,116.3447320
$GNGGA,085745.000,3955.18445,11620.31415,39.9210728,116.3447287
$GNGGA,085746.000,3955.19271,11620.31408,39.9212105,116.3447275
$GNGGA,085747.000,3955.20111,11620.31402,39.9213505,116.3447265
$GNGGA,085748.000,3955.20966,11620.31382,39.9214930,116.3447232
$GNGGA,085749.000,3955.21838,11620.31349,39.9216383,116.3447177
$GNGGA,085750.000,3955.22716,11620.31308,39.9217847,116.3447109
$GNGGA,085751.000,3955.23610,11620.31257,39.9219336,116.3447024
$GNGGA,085752.000,3955.24514,11620.31211,39.9220843,116.3446947
$GNGGA,085753.000,3955.25433,11620.31177,39.9222375,116.3446891
$GNGGA,085754.000,3955.26358,11620.31135,39.9223916,116.3446821
$GNGGA,085755.000,3955.27267,11620.31083,39.9225431,116.3446734
$GNGGA,085756.000,3955.28143,11620.31020,39.9226891,116.3446629
$GNGGA,085757.000,3955.28974,11620.30949,39.9228276,116.3446511
$GNGGA,085758.000,3955.29744,11620.30877,39.9229559,116.3446390
$GNGGA,085759.000,3955.30487,11620.30793,39.9230797,116.3446250
$GNGGA,085800.000,3955.31243,11620.30679,39.9232057,116.3446060
$GNGGA,085801.000,3955.32014,11620.30536,39.9233341,116.3445821
$GNGGA,085802.000,3955.32797,11620.30365,39.9234646,116.3445536
$GNGGA,085803.000,3955.33596,11620.30183,39.9235977,116.3445232
$GNGGA,085804.000,3955.34415,11620.30018,39.9237342,116.3444957
$GNGGA,085805.000,3955.35260,11620.29894,39.9238750,116.3444750
$GNGGA,085806.000,3955.36124,11620.29795,39.9240189,116.3444584
$GNGGA,085807.000,3955.37015,11620.29698,39.9241674,116.3444423
$GNGGA,085808.000,3955.37923,11620.29601,39.9243187,116.3444261
$GNGGA,085809.000,3955.38848,11620.29501,39.9244729,116.3444094
$GNGGA,085810.000,3955.39785,11620.29386,39.9246290,116.3443902
$GNGGA,085811.000,3955.40724,11620.29272,39.9247855,116.3443712
$GNGGA,085812.000,3955.41666,11620.29153,39.9249424,116.3443513
$GNGGA,085813.000,3955.42627,11620.29029,39.9251026,116.3443306
$GNGGA,085814.000,3955.43604,11620.28919,39.9252654,116.3443123
$GNGGA,085815.000,3955.44597,11620.28826,39.9254309,116.3442968
$GNGGA,085816.000,3955.45588,11620.28721,39.9255960,116.3442792
$GNGGA,085817.000,3955.46581,11620.28630,39.9257615,116.3442641
$GNGGA,085818.000,3955.47578,11620.28566,39.9259276,116.3442534
$GNGGA,085819.000,3955.48566,11620.28510,39.9260923,116.3442441
$GNGGA,085820.000,3955.49527,11620.28420,39.9262524,116.3442290
$GNGGA,085821.000,3955.50471,11620.28314,39.9264097,116.3442114
$GNGGA,085822.000,3955.51389,11620.28204,39.9265627,116.3441930
$GNGGA,085823.000,3955.52288,11620.28105,39.9267125,116.3441765
$GNGGA,085824.000,3955.53170,11620.28005,39.9268595,116.3441598
$GNGGA,085825.000,3955.54028,11620.27901,39.9270025,116.3441424
$GNGGA,085826.000,3955.54849,11620.27794,39.9271393,116.3441246
$GNGGA,085827.000,3955.55582,11620.27694,39.9272614,116.3441079
$GNGGA,085828.000,3955.56220,11620.27610,39.9273677,116.3440939
$GNGGA,085829.000,3955.56781,11620.27549,39.9274612,116.3440837
$GNGGA,085830.000,3955.57283,11620.27503,39.9275449,116.3440760
$GNGGA,085831.000,3955.57708,11620.27461,39.9276157,116.3440690
$GNGGA,085832.000,3955.58078,11620.27424,39.9276774,116.3440628
$GNGGA,085833.000,3955.58416,11620.27389,39.9277337,116.3440570
$GNGGA,085834.000,3955.58723,11620.27355,39.9277848,116.3440513
$GNGGA,085835.000,3955.58988,11620.27325,39.9278290,116.3440463
$GNGGA,085836.000,3955.59199,11620.27300,39.9278642,116.3440422
$GNGGA,085837.000,3955.59340,11620.27279,39.9278876,116.3440386
$GNGGA,085838.000,3955.59412,11620.27272,39.9278996,116.3440375
$GNGGA,085839.000,3955.59417,11620.27274,39.9279005,116.3440378
$GNGGA,085840.000,3955.59419,11620.27272,39.9279008,116.3440375
$GNGGA,085841.000,3955.59419,11620.27268,39.9279008,116.3440368
$GNGGA,085842.000,3955.59417,11620.27265,39.9279005,116.3440363
$GNGGA,085843.000,3955.59414,11620.27264,39.9279000,116.3440361
$GNGGA,085844.000,3955.59412,11620.27262,39.9278996,116.3440358
$GNGGA,085845.000,3955.59410,11620.27258,39.9278993,116.3440351
$GNGGA,085846.000,3955.59409,11620.27255,39.9278991,116.3440346
$GNGGA,085847.000,3955.59409,11620.27252,39.9278991,116.3440341
$GNGGA,085848.000,3955.59410,11620.27249,39.9278993,116.3440336
$GNGGA,085849.000,3955.59411,11620.27246,39.9278995,116.3440331
$GNGGA,085850.000,3955.59411,11620.27244,39.9278995,116.3440328
$GNGGA,085851.000,3955.59411,11620.27240,39.9278995,116.3440321
$GNGGA,085852.000,3955.59412,11620.27238,39.9278996,116.3440318
$GNGGA,085853.000,3955.59412,11620.27236,39.9278996,116.3440315
$GNGGA,085854.000,3955.59413,11620.27235,39.9278998,116.3440313
$GNGGA,085855.000,3955.59414,11620.27234,39.9279000,116.3440311
$GNGGA,085856.000,3955.59415,11620.27235,39.9279001,116.3440313
$GNGGA,085857.000,3955.59416,11620.27237,39.9279003,116.3440316
$GNGGA,085858.000,3955.59417,11620.27239,39.9279005,116.3440320
$GNGGA,085859.000,3955.59418,11620.27239,39.9279006,116.3440320
$GNGGA,085900.000,3955.59419,11620.27241,39.9279008,116.3440323
$GNGGA,085901.000,3955.59420,11620.27242,39.9279010,116.3440325
$GNGGA,085902.000,3955.59422,11620.27243,39.9279013,116.3440326
$GNGGA,085903.000,3955.59423,11620.27243,39.9279015,116.3440326
$GNGGA,085904.000,3955.59424,11620.27243,39.9279016,116.3440326
$GNGGA,085905.000,3955.59426,11620.27243,39.9279020,116.3440326
$GNGGA,085906.000,3955.59427,11620.27243,39.9279021,116.3440326
$GNGGA,085907.000,3955.59427,11620.27243,39.9279021,116.3440326
$GNGGA,085908.000,3955.59428,11620.27243,39.9279023,116.3440326
$GNGGA,085909.000,3955.59429,11620.27241,39.9279025,116.3440323
$GNGGA,085910.000,3955.59431,11620.27241,39.9279028,116.3440323
$GNGGA,085911.000,3955.59455,11620.27238,39.9279068,116.3440318
$GNGGA,085912.000,3955.59503,11620.27234,39.9279148,116.3440311
$GNGGA,085913.000,3955.59599,11620.27228,39.9279308,116.3440301
$GNGGA,085914.000,3955.59752,11620.27213,39.9279563,116.3440276
$GNGGA,085915.000,3955.59944,11620.27195,39.9279883,116.3440246
$GNGGA,085916.000,3955.60186,11620.27167,39.9280286,116.3440200
$GNGGA,085917.000,3955.60453,11620.27141,39.9280731,116.3440156
$GNGGA,085918.000,3955.60726,11620.27116,39.9281186,116.3440114
$GNGGA,085919.000,3955.61013,11620.27089,39.9281664,116.3440069
$GNGGA,085920.000,3955.61328,11620.27060,39.9282189,116.3440021
$GNGGA,085921.000,3955.61687,11620.27034,39.9282788,116.3439978
$GNGGA,085922.000,3955.62078,11620.27020,39.9283439,116.3439954
$GNGGA,085923.000,3955.62475,11620.27018,39.9284101,116.3439951
$GNGGA,085924.000,3955.62885,11620.27016,39.9284784,116.3439948
$GNGGA,085925.000,3955.63339,11620.27019,39.9285541,116.3439953
$GNGGA,085926.000,3955.63845,11620.27019,39.9286384,116.3439953
$GNGGA,085927.000,3955.64401,11620.27013,39.9287311,116.3439943
$GNGGA,085928.000,3955.65000,11620.27012,39.9288309,116.3439942
$GNGGA,085929.000,3955.65646,11620.27027,39.9289386,116.3439967
$GNGGA,085930.000,3955.66341,11620.27037,39.9290545,116.3439984
$GNGGA,085931.000,3955.67049,11620.27041,39.9291725,116.3439991
$GNGGA,085932.000,3955.67756,11620.27044,39.9292903,116.3439996
$GNGGA,085933.000,3955.68479,11620.27037,39.9294108,116.3439984
$GNGGA,085934.000,3955.69223,11620.27049,39.9295348,116.3440004
$GNGGA,085935.000,3955.69988,11620.27069,39.9296623,116.3440038
$GNGGA,085936.000,3955.70780,11620.27082,39.9297943,116.3440060
$GNGGA,085937.000,3955.71598,11620.27078,39.9299307,116.3440053
$GNGGA,085938.000,3955.72441,11620.27063,39.9300712,116.3440028
$GNGGA,085939.000,3955.73302,11620.27044,39.9302147,116.3439997
$GNGGA,085940.000,3955.74186,11620.27020,39.9303620,116.3439957
$GNGGA,085941.000,3955.75093,11620.26985,39.9305132,116.3439899
$GNGGA,085942.000,3955.76020,11620.26961,39.9306677,116.3439859
$GNGGA,085943.000,3955.76944,11620.26958,39.9308217,116.3439854
$GNGGA,085944.000,3955.77862,11620.26962,39.9309747,116.3439861
$GNGGA,085945.000,3955.78792,11620.26959,39.9311297,116.3439856
$GNGGA,085946.000,3955.79716,11620.26971,39.9312837,116.3439876
$GNGGA,085947.000,3955.80595,11620.27008,39.9314302,116.3439938
$GNGGA,085948.000,3955.81387,11620.27062,39.9315622,116.3440029
$GNGGA,085949.000,3955.82104,11620.27100,39.9316817,116.3440092
$GNGGA,085950.000,3955.82733,11620.27113,39.9317866,116.3440114
$GNGGA,085951.000,3955.83256,11620.27121,39.9318738,116.3440128
$GNGGA,085952.000,3955.83690,11620.27126,39.9319461,116.3440136
$GNGGA,085953.000,3955.84040,11620.27135,39.9320044,116.3440151
$GNGGA,085954.000,3955.84304,11620.27141,39.9320484,116.3440161
$GNGGA,085955.000,3955.84486,11620.27143,39.9320788,116.3440165
$GNGGA,085956.000,3955.84604,11620.27148,39.9320984,116.3440173
$GNGGA,085957.000,3955.84679,11620.27153,39.9321109,116.3440181
$GNGGA,085958.000,3955.84686,11620.27156,39.9321121,116.3440186
$GNGGA,085959.000,3955.84690,11620.27157,39.9321128,116.3440188
$GNGGA,090000.000,3955.84695,11620.27157,39.9321136,116.3440188
$GNGGA,090001.000,3955.84700,11620.27157,39.9321144,116.3440188
$GNGGA,090002.000,3955.84706,11620.27157,39.9321154,116.3440188
$GNGGA,090003.000,3955.84710,11620.27156,39.9321161,116.3440186
$GNGGA,090004.000,3955.84715,11620.27155,39.9321169,116.3440185
$GNGGA,090005.000,3955.84719,11620.27156,39.9321176,116.3440186
$GNGGA,090006.000,3955.84722,11620.27156,39.9321181,116.3440186
$GNGGA,090007.000,3955.84726,11620.27156,39.9321188,116.3440186
$GNGGA,090008.000,3955.84728,11620.27156,39.9321191,116.3440186
$GNGGA,090009.000,3955.84730,11620.27155,39.9321194,116.3440185
$GNGGA,090010.000,3955.84731,11620.27156,39.9321196,116.3440186
$GNGGA,090011.000,3955.84731,11620.27155,39.9321196,116.3440185
$GNGGA,090012.000,3955.84731,11620.27155,39.9321196,116.3440185
$GNGGA,090013.000,3955.84730,11620.27154,39.9321194,116.3440183
$GNGGA,090014.000,3955.84731,11620.27156,39.9321196,116.3440186
$GNGGA,090015.000,3955.84732,11620.27157,39.9321198,116.3440188
$GNGGA,090016.000,3955.84733,11620.27159,39.9321199,116.3440191
$GNGGA,090017.000,3955.84734,11620.27160,39.9321201,116.3440193
$GNGGA,090018.000,3955.84735,11620.27162,39.9321203,116.3440196
$GNGGA,090019.000,3955.84736,11620.27164,39.9321205,116.3440200
$GNGGA,090020.000,3955.84737,11620.27164,39.9321206,116.3440200
$GNGGA,090021.000,3955.84737,11620.27164,39.9321206,116.3440200
$GNGGA,090022.000,3955.84738,11620.27165,39.9321208,116.3440201
$GNGGA,090023.000,3955.84738,11620.27167,39.9321208,116.3440205
$GNGGA,090024.000,3955.84739,11620.27168,39.9321210,116.3440206
$GNGGA,090025.000,3955.84739,11620.27168,39.9321210,116.3440206
$GNGGA,090026.000,3955.84740,11620.27169,39.9321211,116.3440208
$GNGGA,090027.000,3955.84741,11620.27170,39.9321213,116.3440210
$GNGGA,090028.000,3955.84741,11620.27171,39.9321213,116.3440211
$GNGGA,090029.000,3955.84742,11620.27173,39.9321215,116.3440215
$GNGGA,090030.000,3955.84743,11620.27174,39.9321216,116.3440216
$GNGGA,090031.000,3955.84743,11620.27174,39.9321216,116.3440216
$GNGGA,090032.000,3955.84743,11620.27175,39.9321216,116.3440218
$GNGGA,090033.000,3955.84743,11620.27175,39.9321216,116.3440218
$GNGGA,090034.000,3955.84743,11620.27176,39.9321216,116.3440220
$GNGGA,090035.000,3955.84743,11620.27177,39.9321216,116.3440221
$GNGGA,090036.000,3955.84742,11620.27178,39.9321215,116.3440223
$GNGGA,090037.000,3955.84742,11620.27178,39.9321215,116.3440223
$GNGGA,090038.000,3955.84742,11620.27177,39.9321215,116.3440221
$GNGGA,090039.000,3955.84743,11620.27177,39.9321216,116.3440221
$GNGGA,090040.000,3955.84743,11620.27179,39.9321216,116.3440225
$GNGGA,090041.000,3955.84743,11620.27179,39.9321216,116.3440225
$GNGGA,090042.000,3955.84743,11620.27181,39.9321216,116.3440228
$GNGGA,090043.000,3955.84743,11620.27182,39.9321216,116.3440230
$GNGGA,090044.000,3955.84744,11620.27183,39.9321218,116.3440231
$GNGGA,090045.000,3955.84744,11620.27183,39.9321218,116.3440231
$GNGGA,090046.000,3955.84745,11620.27185,39.9321220,116.3440235
$GNGGA,090047.000,3955.84745,11620.27186,39.9321220,116.3440236
$GNGGA,090048.000,3955.84745,11620.27187,39.9321220,116.3440238
$GNGGA,090049.000,3955.84745,11620.27188,39.9321220,116.3440240
$GNGGA,090050.000,3955.84745,11620.27188,39.9321220,116.3440240
$GNGGA,090051.000,3955.84745,11620.27188,39.9321220,116.3440240
$GNGGA,090052.000,3955.84745,11620.27188,39.9321220,116.3440240
$GNGGA,090053.000,3955.84745,11620.27189,39.9321220,116.3440241
$GNGGA,090054.000,3955.84744,11620.27189,39.9321218,116.3440241
$GNGGA,090055.000,3955.84744,11620.27189,39.9321218,116.3440241
$GNGGA,090056.000,3955.84743,11620.27189,39.9321216,116.3440241
$GNGGA,090057.000,3955.84743,11620.27189,39.9321216,116.3440241
$GNGGA,090058.000,3955.84743,11620.27190,39.9321216,116.3440243
$GNGGA,090059.000,3955.84743,11620.27190,39.9321216,116.3440243
$GNGGA,090100.000,3955.84743,11620.27191,39.9321216,116.3440245
$GNGGA,090101.000,3955.84742,11620.27191,39.9321215,116.3440245
$GNGGA,090102.000,3955.84741,11620.27192,39.9321213,116.3440246
$GNGGA,090103.000,3955.84740,11620.27192,39.9321211,116.3440246
$GNGGA,090104.000,3955.84740,11620.27193,39.9321211,116.3440248
$GNGGA,090105.000,3955.84739,11620.27194,39.9321210,116.3440250
$GNGGA,090106.000,3955.84739,11620.27195,39.9321210,116.3440251
$GNGGA,090107.000,3955.84739,11620.27195,39.9321210,116.3440251
$GNGGA,090108.000,3955.84739,11620.27195,39.9321210,116.3440251
$GNGGA,090109.000,3955.84739,11620.27195,39.9321210,116.3440251
$GNGGA,090110.000,3955.84738,11620.27196,39.9321208,116.3440253
$GNGGA,090111.000,3955.84738,11620.27196,39.9321208,116.3440253
$GNGGA,090112.000,3955.84738,11620.27196,39.9321208,116.3440253
$GNGGA,090113.000,3955.84738,11620.27195,39.9321208,116.3440251
$GNGGA,090114.000,3955.84738,11620.27195,39.9321208,116.3440251
$GNGGA,090115.000,3955.84737,11620.27195,39.9321206,116.3440251
$GNGGA,090116.000,3955.84737,11620.27194,39.9321206,116.3440250
$GNGGA,090117.000,3955.84737,11620.27193,39.9321206,116.3440248
$GNGGA,090118.000,3955.84737,11620.27192,39.9321206,116.3440246
$GNGGA,090119.000,3955.84737,11620.27192,39.9321206,116.3440246
$GNGGA,090120.000,3955.84737,11620.27192,39.9321206,116.3440246
$GNGGA,090121.000,3955.84736,11620.27192,39.9321205,116.3440246
$GNGGA,090122.000,3955.84737,11620.27192,39.9321206,116.3440246
$GNGGA,090123.000,3955.84737,11620.27192,39.9321206,116.3440246
$GNGGA,090124.000,3955.84737,11620.27193,39.9321206,116.3440248
$GNGGA,090125.000,3955.84738,11620.27193,39.9321208,116.3440248
$GNGGA,090126.000,3955.84739,11620.27193,39.9321210,116.3440248
$GNGGA,090127.000,3955.84740,11620.27193,39.9321211,116.3440248
$GNGGA,090128.000,3955.84741,11620.27193,39.9321213,116.3440248
$GNGGA,090129.000,3955.84811,11620.27195,39.9321330,116.3440252
$GNGGA,090130.000,3955.84948,11620.27198,39.9321558,116.3440257
$GNGGA,090131.000,3955.85155,11620.27205,39.9321903,116.3440268
$GNGGA,090132.000,3955.85421,11620.27217,39.9322346,116.3440288
$GNGGA,090133.000,3955.85695,11620.27233,39.9322803,116.3440315
$GNGGA,090134.000,3955.85997,11620.27251,39.9323307,116.3440345
$GNGGA,090135.000,3955.86355,11620.27274,39.9323903,116.3440384
$GNGGA,090136.000,3955.86768,11620.27303,39.9324592,116.3440432
