$GNGGA,090407.000,3955.89591,11620.25599,39.9329292,116.3437587
$GNGGA,090408.000,3955.89592,11620.25599,39.9329293,116.3437587
$GNGGA,090409.000,3955.89592,11620.25600,39.9329293,116.3437588
$GNGGA,090410.000,3955.89540,11620.25599,39.9329207,116.3437586
$GNGGA,090411.000,3955.89436,11620.25601,39.9329033,116.3437590
$GNGGA,090412.000,3955.89268,11620.25600,39.9328753,116.3437588
$GNGGA,090413.000,3955.89035,11620.25598,39.9328365,116.3437585
$GNGGA,090414.000,3955.88770,11620.25595,39.9327923,116.3437580
$GNGGA,090415.000,3955.88507,11620.25590,39.9327485,116.3437571
$GNGGA,090416.000,3955.88206,11620.25602,39.9326983,116.3437591
$GNGGA,090417.000,3955.87860,11620.25643,39.9326407,116.3437660
$GNGGA,090418.000,3955.87476,11620.25719,39.9325767,116.3437787
$GNGGA,090419.000,3955.87091,11620.25816,39.9325125,116.3437948
$GNGGA,090420.000,3955.86719,11620.25917,39.9324506,116.3438117
$GNGGA,090421.000,3955.86331,11620.26013,39.9323859,116.3438277
$GNGGA,090422.000,3955.85946,11620.26094,39.9323218,116.3438413
$GNGGA,090423.000,3955.85634,11620.26147,39.9322698,116.3438501
$GNGGA,090424.000,3955.85352,11620.26189,39.9322228,116.3438571
$GNGGA,090425.000,3955.85061,11620.26231,39.9321743,116.3438641
$GNGGA,090426.000,3955.84745,11620.26278,39.9321217,116.3438720
$GNGGA,090427.000,3955.84398,11620.26334,39.9320639,116.3438813
$GNGGA,090428.000,3955.84015,11620.26394,39.9320000,116.3438913
$GNGGA,090429.000,3955.83595,11620.26455,39.9319301,116.3439015
$GNGGA,090430.000,3955.83130,11620.26510,39.9318526,116.3439107
$GNGGA,090431.000,3955.82618,11620.26538,39.9317672,116.3439154
$GNGGA,090432.000,3955.82094,11620.26546,39.9316799,116.3439167
$GNGGA,090433.000,3955.81571,11620.26549,39.9315927,116.3439172
$GNGGA,090434.000,3955.81038,11620.26566,39.9315039,116.3439200
$GNGGA,090435.000,3955.80484,11620.26620,39.9314116,116.3439290
$GNGGA,090436.000,3955.79915,11620.26675,39.9313168,116.3439382
$GNGGA,090437.000,3955.79322,11620.26713,39.9312179,116.3439445
$GNGGA,090438.000,3955.78709,11620.26726,39.9311158,116.3439467
$GNGGA,090439.000,3955.78070,11620.26716,39.9310093,116.3439450
$GNGGA,090440.000,3955.77419,11620.26687,39.9309008,116.3439401
$GNGGA,090441.000,3955.76756,11620.26663,39.9307902,116.3439361
$GNGGA,090442.000,3955.76076,11620.26644,39.9306769,116.3439329
$GNGGA,090443.000,3955.75370,11620.26637,39.9305592,116.3439317
$GNGGA,090444.000,3955.74648,11620.26642,39.9304389,116.3439326
$GNGGA,090445.000,3955.73909,11620.26649,39.9303157,116.3439337
$GNGGA,090446.000,3955.73163,11620.26637,39.9301914,116.3439317
$GNGGA,090447.000,3955.72410,11620.26606,39.9300659,116.3439265
$GNGGA,090448.000,3955.71674,11620.26575,39.9299432,116.3439213
$GNGGA,090449.000,3955.70964,11620.26562,39.9298248,116.3439191
$GNGGA,090450.000,3955.70303,11620.26560,39.9297147,116.3439188
$GNGGA,090451.000,3955.69687,11620.26556,39.9296120,116.3439181
$GNGGA,090452.000,3955.69101,11620.26549,39.9295143,116.3439169
$GNGGA,090453.000,3955.68529,11620.26546,39.9294190,116.3439164
$GNGGA,090454.000,3955.67956,11620.26543,39.9293235,116.3439159
$GNGGA,090455.000,3955.67373,11620.26548,39.9292263,116.3439167
$GNGGA,090456.000,3955.66774,11620.26555,39.9291265,116.3439179
$GNGGA,090457.000,3955.66165,11620.26558,39.9290250,116.3439184
$GNGGA,090458.000,3955.65537,11620.26539,39.9289203,116.3439152
$GNGGA,090459.000,3955.64889,11620.26506,39.9288123,116.3439096
$GNGGA,090500.000,3955.64233,11620.26482,39.9287029,116.3439056
$GNGGA,090501.000,3955.63571,11620.26473,39.9285926,116.3439041
$GNGGA,090502.000,3955.62898,11620.26468,39.9284804,116.3439032
$GNGGA,090503.000,3955.62217,11620.26461,39.9283669,116.3439021
$GNGGA,090504.000,3955.61523,11620.26453,39.9282512,116.3439007
$GNGGA,090505.000,3955.60835,11620.26453,39.9281366,116.3439007
$GNGGA,090506.000,3955.60157,11620.26469,39.9280236,116.3439034
$GNGGA,090507.000,3955.59478,11620.26499,39.9279104,116.3439084
$GNGGA,090508.000,3955.58788,11620.26541,39.9277954,116.3439154
$GNGGA,090509.000,3955.58087,11620.26591,39.9276786,116.3439237
$GNGGA,090510.000,3955.57372,11620.26644,39.9275594,116.3439325
$GNGGA,090511.000,3955.56643,11620.26710,39.9274380,116.3439435
$GNGGA,090512.000,3955.55902,11620.26791,39.9273145,116.3439571
$GNGGA,090513.000,3955.55147,11620.26871,39.9271887,116.3439704
$GNGGA,090514.000,3955.54383,11620.26945,39.9270613,116.3439828
$GNGGA,090515.000,3955.53601,11620.27028,39.9269310,116.3439966
$GNGGA,090516.000,3955.52810,11620.27115,39.9267992,116.3440111
$GNGGA,090517.000,3955.52003,11620.27215,39.9266647,116.3440278
$GNGGA,090518.000,3955.51185,11620.27318,39.9265284,116.3440450
$GNGGA,090519.000,3955.50358,11620.27417,39.9263906,116.3440615
$GNGGA,090520.000,3955.49522,11620.27518,39.9262513,116.3440784
$GNGGA,090521.000,3955.48683,11620.27620,39.9261115,116.3440954
$GNGGA,090522.000,3955.47855,11620.27716,39.9259735,116.3441114
$GNGGA,090523.000,3955.47028,11620.27812,39.9258357,116.3441274
$GNGGA,090524.000,3955.46203,11620.27900,39.9256983,116.3441421
$GNGGA,090525.000,3955.45385,11620.27986,39.9255619,116.3441565
$GNGGA,090526.000,3955.44570,11620.28073,39.9254261,116.3441710
$GNGGA,090527.000,3955.43770,11620.28159,39.9252928,116.3441853
$GNGGA,090528.000,3955.42991,11620.28246,39.9251630,116.3441998
$GNGGA,090529.000,3955.42231,11620.28323,39.9250364,116.3442127
$GNGGA,090530.000,3955.41482,11620.28397,39.9249115,116.3442250
$GNGGA,090531.000,3955.40739,11620.28463,39.9247877,116.3442360
$GNGGA,090532.000,3955.39994,11620.28505,39.9246636,116.3442430
$GNGGA,090533.000,3955.39253,11620.28530,39.9245401,116.3442472
$GNGGA,090534.000,3955.38514,11620.28553,39.9244169,116.3442510
$GNGGA,090535.000,3955.37814,11620.28573,39.9243002,116.3442543
$GNGGA,090536.000,3955.37156,11620.28582,39.9241906,116.3442558
$GNGGA,090537.000,3955.36554,11620.28597,39.9240902,116.3442583
$GNGGA,090538.000,3955.36002,11620.28619,39.9239982,116.3442620
$GNGGA,090539.000,3955.35506,11620.28655,39.9239156,116.3442680
$GNGGA,090540.000,3955.35079,11620.28696,39.9238444,116.3442748
$GNGGA,090541.000,3955.34726,11620.28730,39.9237856,116.3442805
$GNGGA,090542.000,3955.34458,11620.28757,39.9237409,116.3442850
$GNGGA,090543.000,3955.34284,11620.28778,39.9237119,116.3442885
$GNGGA,090544.000,3955.34182,11620.28796,39.9236950,116.3442915
$GNGGA,090545.000,3955.34118,11620.28810,39.9236843,116.3442939
$GNGGA,090546.000,3955.34071,11620.28816,39.9236765,116.3442949
$GNGGA,090547.000,3955.34072,11620.28815,39.9236766,116.3442947
$GNGGA,090548.000,3955.34074,11620.28814,39.9236770,116.3442945
$GNGGA,090549.000,3955.34076,11620.28812,39.9236773,116.3442942
$GNGGA,090550.000,3955.34076,11620.28806,39.9236773,116.3442932
$GNGGA,090551.000,3955.34078,11620.28805,39.9236776,116.3442930
$GNGGA,090552.000,3955.34076,11620.28802,39.9236773,116.3442925
$GNGGA,090553.000,3955.34073,11620.28800,39.9236768,116.3442922
$GNGGA,090554.000,3955.34070,11620.28798,39.9236763,116.3442919
$GNGGA,090555.000,3955.34066,11620.28796,39.9236756,116.3442915
$GNGGA,090556.000,3955.34063,11620.28793,39.9236751,116.3442910
$GNGGA,090557.000,3955.34058,11620.28790,39.9236743,116.3442905
$GNGGA,090558.000,3955.34054,11620.28788,39.9236736,116.3442902
$GNGGA,090559.000,3955.34051,11620.28786,39.9236731,116.3442898
$GNGGA,090600.000,3955.34048,11620.28784,39.9236726,116.3442895
$GNGGA,090601.000,3955.34046,11620.28783,39.9236723,116.3442893
$GNGGA,090602.000,3955.34045,11620.28781,39.9236721,116.3442890
$GNGGA,090603.000,3955.34043,11620.28779,39.9236718,116.3442887
$GNGGA,090604.000,3955.34041,11620.28779,39.9236714,116.3442887
$GNGGA,090605.000,3955.34040,11620.28777,39.9236713,116.3442883
$GNGGA,090606.000,3955.34040,11620.28775,39.9236713,116.3442880
$GNGGA,090607.000,3955.34040,11620.28773,39.9236713,116.3442877
$GNGGA,090608.000,3955.34040,11620.28770,39.9236713,116.3442872
$GNGGA,090609.000,3955.34041,11620.28768,39.9236714,116.3442868
$GNGGA,090610.000,3955.34042,11620.28767,39.9236716,116.3442867
$GNGGA,090611.000,3955.34043,11620.28765,39.9236718,116.3442863
$GNGGA,090612.000,3955.34044,11620.28764,39.9236719,116.3442862
$GNGGA,090613.000,3955.34045,11620.28763,39.9236721,116.3442860
$GNGGA,090614.000,3955.34046,11620.28762,39.9236723,116.3442858
$GNGGA,090615.000,3955.34046,11620.28760,39.9236723,116.3442855
$GNGGA,090616.000,3955.34047,11620.28760,39.9236724,116.3442855
$GNGGA,090617.000,3955.34048,11620.28759,39.9236726,116.3442853
$GNGGA,090618.000,3955.34048,11620.28757,39.9236726,116.3442850
$GNGGA,090619.000,3955.34049,11620.28756,39.9236728,116.3442848
$GNGGA,090620.000,3955.34048,11620.28754,39.9236726,116.3442845
$GNGGA,090621.000,3955.34048,11620.28755,39.9236726,116.3442847
$GNGGA,090622.000,3955.34049,11620.28756,39.9236728,116.3442848
$GNGGA,090623.000,3955.34049,11620.28759,39.9236728,116.3442853
$GNGGA,090624.000,3955.34050,11620.28762,39.9236729,116.3442858
$GNGGA,090625.000,3955.34051,11620.28764,39.9236731,116.3442862
$GNGGA,090626.000,3955.34051,11620.28767,39.9236731,116.3442867
$GNGGA,090627.000,3955.34018,11620.28774,39.9236676,116.3442878
$GNGGA,090628.000,3955.33929,11620.28784,39.9236528,116.3442895
$GNGGA,090629.000,3955.33768,11620.28806,39.9236260,116.3442932
$GNGGA,090630.000,3955.33538,11620.28847,39.9235876,116.3443000
$GNGGA,090631.000,3955.33289,11620.28906,39.9235461,116.3443099
$GNGGA,090632.000,3955.33039,11620.28979,39.9235045,116.3443221
$GNGGA,090633.000,3955.32755,11620.29064,39.9234572,116.3443363
$GNGGA,090634.000,3955.32423,11620.29158,39.9234019,116.3443520
$GNGGA,090635.000,3955.32044,11620.29263,39.9233387,116.3443695
$GNGGA,090636.000,3955.31631,11620.29378,39.9232699,116.3443887
$GNGGA,090637.000,3955.31220,11620.29493,39.9232015,116.3444079
$GNGGA,090638.000,3955.30807,11620.29612,39.9231327,116.3444278
$GNGGA,090639.000,3955.30378,11620.29739,39.9230612,116.3444490
$GNGGA,090640.000,3955.29931,11620.29855,39.9229868,116.3444683
$GNGGA,090641.000,3955.29453,11620.29946,39.9229071,116.3444835
$GNGGA,090642.000,3955.28937,11620.30031,39.9228211,116.3444977
$GNGGA,090643.000,3955.28388,11620.30118,39.9227297,116.3445122
$GNGGA,090644.000,3955.27813,11620.30183,39.9226338,116.3445231
$GNGGA,090645.000,3955.27234,11620.30227,39.9225374,116.3445304
$GNGGA,090646.000,3955.26653,11620.30263,39.9224405,116.3445364
$GNGGA,090647.000,3955.26060,11620.30298,39.9223417,116.3445423
$GNGGA,090648.000,3955.25446,11620.30335,39.9222394,116.3445484
$GNGGA,090649.000,3955.24816,11620.30374,39.9221344,116.3445549
$GNGGA,090650.000,3955.24170,11620.30415,39.9220267,116.3445618
$GNGGA,090651.000,3955.23504,11620.30466,39.9219157,116.3445703
$GNGGA,090652.000,3955.22821,11620.30523,39.9218019,116.3445798
$GNGGA,090653.000,3955.22119,11620.30581,39.9216849,116.3445894
$GNGGA,090654.000,3955.21394,11620.30639,39.9215641,116.3445991
$GNGGA,090655.000,3955.20649,11620.30690,39.9214400,116.3446076
$GNGGA,090656.000,3955.19883,11620.30732,39.9213123,116.3446146
$GNGGA,090657.000,3955.19097,11620.30779,39.9211813,116.3446225
$GNGGA,090658.000,3955.18294,11620.30829,39.9210475,116.3446308
$GNGGA,090659.000,3955.17480,11620.30884,39.9209118,116.3446400
$GNGGA,090700.000,3955.16678,11620.30929,39.9207782,116.3446475
$GNGGA,090701.000,3955.15878,11620.30975,39.9206448,116.3446551
$GNGGA,090702.000,3955.15062,11620.31024,39.9205088,116.3446633
$GNGGA,090703.000,3955.14230,11620.31076,39.9203702,116.3446720
$GNGGA,090704.000,3955.13384,11620.31134,39.9202292,116.3446816
$GNGGA,090705.000,3955.12529,11620.31191,39.9200867,116.3446911
$GNGGA,090706.000,3955.11683,11620.31244,39.9199457,116.3447000
$GNGGA,090707.000,3955.10845,11620.31291,39.9198061,116.3447078
$GNGGA,090708.000,3955.10013,11620.31325,39.9196674,116.3447135
$GNGGA,090709.000,3955.09199,11620.31361,39.9195317,116.3447195
$GNGGA,090710.000,3955.08426,11620.31404,39.9194029,116.3447266
$GNGGA,090711.000,3955.07698,11620.31457,39.9192816,116.3447355
$GNGGA,090712.000,3955.07008,11620.31517,39.9191666,116.3447455
$GNGGA,090713.000,3955.06378,11620.31564,39.9190616,116.3447533
$GNGGA,090714.000,3955.05825,11620.31598,39.9189695,116.3447590
$GNGGA,090715.000,3955.05342,11620.31624,39.9188890,116.3447633
$GNGGA,090716.000,3955.04943,11620.31643,39.9188225,116.3447665
$GNGGA,090717.000,3955.04638,11620.31658,39.9187716,116.3447690
$GNGGA,090718.000,3955.04435,11620.31671,39.9187378,116.3447711
$GNGGA,090719.000,3955.04321,11620.31680,39.9187188,116.3447726
$GNGGA,090720.000,3955.04251,11620.31688,39.9187071,116.3447740
$GNGGA,090721.000,3955.04192,11620.31692,39.9186973,116.3447746
$GNGGA,090722.000,3955.04190,11620.31694,39.9186970,116.3447750
$GNGGA,090723.000,3955.04187,11620.31694,39.9186965,116.3447750
$GNGGA,090724.000,3955.04183,11620.31692,39.9186958,116.3447746
$GNGGA,090725.000,3955.04180,11620.31689,39.9186953,116.3447741
$GNGGA,090726.000,3955.04180,11620.31687,39.9186953,116.3447738
$GNGGA,090727.000,3955.04181,11620.31687,39.9186955,116.3447738
$GNGGA,090728.000,3955.04182,11620.31688,39.9186956,116.3447740
$GNGGA,090729.000,3955.04182,11620.31689,39.9186956,116.3447741
$GNGGA,090730.000,3955.04182,11620.31689,39.9186956,116.3447741
$GNGGA,090731.000,3955.04183,11620.31689,39.9186958,116.3447741
$GNGGA,090732.000,3955.04183,11620.31689,39.9186958,116.3447741
$GNGGA,090733.000,3955.04184,11620.31689,39.9186960,116.3447741
$GNGGA,090734.000,3955.04185,11620.31688,39.9186961,116.3447740
$GNGGA,090735.000,3955.04186,11620.31688,39.9186963,116.3447740
$GNGGA,090736.000,3955.04185,11620.31686,39.9186961,116.3447736
$GNGGA,090737.000,3955.04185,11620.31685,39.9186961,116.3447735
$GNGGA,090738.000,3955.04184,11620.31684,39.9186960,116.3447733
$GNGGA,090739.000,3955.04184,11620.31684,39.9186960,116.3447733
$GNGGA,090740.000,3955.04183,11620.31683,39.9186958,116.3447731
$GNGGA,090741.000,3955.04183,11620.31683,39.9186958,116.3447731
$GNGGA,090742.000,3955.04183,11620.31682,39.9186958,116.3447730
$GNGGA,090743.000,3955.04183,11620.31681,39.9186958,116.3447728
$GNGGA,090744.000,3955.04183,11620.31680,39.9186958,116.3447726
$GNGGA,090745.000,3955.04182,11620.31680,39.9186956,116.3447726
$GNGGA,090746.000,3955.04182,11620.31679,39.9186956,116.3447725
$GNGGA,090747.000,3955.04182,11620.31677,39.9186956,116.3447721
$GNGGA,090748.000,3955.04182,11620.31675,39.9186956,116.3447718
$GNGGA,090749.000,3955.04182,11620.31672,39.9186956,116.3447713
$GNGGA,090750.000,3955.04182,11620.31669,39.9186956,116.3447708
$GNGGA,090751.000,3955.04182,11620.31666,39.9186956,116.3447703
$GNGGA,090752.000,3955.04182,11620.31663,39.9186956,116.3447698
$GNGGA,090753.000,3955.04182,11620.31660,39.9186956,116.3447693
$GNGGA,090754.000,3955.04182,11620.31658,39.9186956,116.3447690
$GNGGA,090755.000,3955.04182,11620.31656,39.9186956,116.3447686
$GNGGA,090756.000,3955.04183,11620.31654,39.9186958,116.3447683
$GNGGA,090757.000,3955.04183,11620.31652,39.9186958,116.3447680
$GNGGA,090758.000,3955.04182,11620.31652,39.9186956,116.3447680
$GNGGA,090759.000,3955.04182,11620.31651,39.9186956,116.3447678
$GNGGA,090800.000,3955.04182,11620.31650,39.9186956,116.3447676
$GNGGA,090801.000,3955.04181,11620.31650,39.9186955,116.3447676
$GNGGA,090802.000,3955.04181,11620.31650,39.9186955,116.3447676
$GNGGA,090803.000,3955.04180,11620.31649,39.9186953,116.3447675
$GNGGA,090804.000,3955.04179,11620.31648,39.9186951,116.3447673
$GNGGA,090805.000,3955.04178,11620.31647,39.9186950,116.3447671
$GNGGA,090806.000,3955.04177,11620.31647,39.9186948,116.3447671
$GNGGA,090807.000,3955.04176,11620.31646,39.9186946,116.3447670
$GNGGA,090808.000,3955.04176,11620.31646,39.9186946,116.3447670
$GNGGA,090809.000,3955.04175,11620.31645,39.9186945,116.3447668
$GNGGA,090810.000,3955.04175,11620.31645,39.9186945,116.3447668
$GNGGA,090811.000,3955.04175,11620.31644,39.9186945,116.3447666
$GNGGA,090812.000,3955.04175,11620.31644,39.9186945,116.3447666
$GNGGA,090813.000,3955.04175,11620.31643,39.9186945,116.3447665
$GNGGA,090814.000,3955.04175,11620.31643,39.9186945,116.3447665
$GNGGA,090815.000,3955.04176,11620.31643,39.9186946,116.3447665
$GNGGA,090816.000,3955.04176,11620.31643,39.9186946,116.3447665
$GNGGA,090817.000,3955.04122,11620.31649,39.9186856,116.3447675
$GNGGA,090818.000,3955.04005,11620.31659,39.9186661,116.3447691
$GNGGA,090819.000,3955.03815,11620.31676,39.9186345,116.3447720
$GNGGA,090820.000,3955.03551,11620.31698,39.9185905,116.3447756
$GNGGA,090821.000,3955.03239,11620.31720,39.9185385,116.3447793
$GNGGA,090822.000,3955.02921,11620.31740,39.9184855,116.3447826
$GNGGA,090823.000,3955.02587,11620.31760,39.9184298,116.3447860
$GNGGA,090824.000,3955.02215,11620.31784,39.9183678,116.3447900
$GNGGA,090825.000,3955.01805,11620.31814,39.9182995,116.3447950
$GNGGA,090826.000,3955.01355,11620.31850,39.9182245,116.3448010
$GNGGA,090827.000,3955.00873,11620.31884,39.9181442,116.3448066
$GNGGA,090828.000,3955.00389,11620.31913,39.9180635,116.3448115
$GNGGA,090829.000,3954.99908,11620.31946,39.9179834,116.3448170
$GNGGA,090830.000,3954.99418,11620.31983,39.9179017,116.3448232
$GNGGA,090831.000,3954.98903,11620.32020,39.9178159,116.3448293
$GNGGA,090832.000,3954.98362,11620.32063,39.9177257,116.3448365
$GNGGA,090833.000,3954.97795,11620.32109,39.9176312,116.3448442
$GNGGA,090834.000,3954.97202,11620.32151,39.9175324,116.3448512
$GNGGA,090835.000,3954.96579,11620.32196,39.9174286,116.3448587
$GNGGA,090836.000,3954.95913,11620.32244,39.9173176,116.3448667
$GNGGA,090837.000,3954.95202,11620.32286,39.9171991,116.3448737
$GNGGA,090838.000,3954.94445,11620.32336,39.9170729,116.3448820
$GNGGA,090839.000,3954.93637,11620.32393,39.9169383,116.3448915
$GNGGA,090840.000,3954.92796,11620.32454,39.9167981,116.3449017
$GNGGA,090841.000,3954.91963,11620.32514,39.9166593,116.3449117
$GNGGA,090842.000,3954.91132,11620.32574,39.9165208,116.3449217
$GNGGA,090843.000,3954.90279,11620.32625,39.9163787,116.3449302
$GNGGA,090844.000,3954.89408,11620.32681,39.9162335,116.3449395
$GNGGA,090845.000,3954.88523,11620.32732,39.9160860,116.3449480
$GNGGA,090846.000,3954.87601,11620.32785,39.9159324,116.3449569
$GNGGA,090847.000,3954.86657,11620.32840,39.9157751,116.3449660
$GNGGA,090848.000,3954.85715,11620.32908,39.9156181,116.3449774
$GNGGA,090849.000,3954.84789,11620.32965,39.9154637,116.3449869
$GNGGA,090850.000,3954.83903,11620.33010,39.9153161,116.3449944
$GNGGA,090851.000,3954.83041,11620.33029,39.9151724,116.3449975
$GNGGA,090852.000,3954.82198,11620.33028,39.9150319,116.3449974
$GNGGA,090853.000,3954.81379,11620.33029,39.9148954,116.3449975
$GNGGA,090854.000,3954.80602,11620.33050,39.9147659,116.3450010
$GNGGA,090855.000,3954.79882,11620.33080,39.9146459,116.3450060
$GNGGA,090856.000,3954.79228,11620.33121,39.9145369,116.3450128
$GNGGA,090857.000,3954.78659,11620.33168,39.9144421,116.3450207
$GNGGA,090858.000,3954.78174,11620.33200,39.9143613,116.3450260
$GNGGA,090859.000,3954.77764,11620.33227,39.9142929,116.3450305
$GNGGA,090900.000,3954.77431,11620.33245,39.9142374,116.3450335
$GNGGA,090901.000,3954.77192,11620.33260,39.9141976,116.3450360
$GNGGA,090902.000,3954.77036,11620.33274,39.9141716,116.3450383
$GNGGA,090903.000,3954.76928,11620.33285,39.9141536,116.3450402
$GNGGA,090904.000,3954.76856,11620.33289,39.9141416,116.3450408
$GNGGA,090905.000,3954.76857,11620.33288,39.9141418,116.3450407
$GNGGA,090906.000,3954.76855,11620.33284,39.9141415,116.3450400
$GNGGA,090907.000,3954.76852,11620.33281,39.9141410,116.3450395
$GNGGA,090908.000,3954.76850,11620.33279,39.9141406,116.3450392
$GNGGA,090909.000,3954.76849,11620.33279,39.9141405,116.3450392
$GNGGA,090910.000,3954.76848,11620.33280,39.9141403,116.3450393
$GNGGA,090911.000,3954.76846,11620.33282,39.9141400,116.3450397
$GNGGA,090912.000,3954.76845,11620.33285,39.9141398,116.3450402
$GNGGA,090913.000,3954.76844,11620.33288,39.9141396,116.3450407
$GNGGA,090914.000,3954.76843,11620.33289,39.9141395,116.3450408
$GNGGA,090915.000,3954.76842,11620.33289,39.9141393,116.3450408
$GNGGA,090916.000,3954.76840,11620.33289,39.9141390,116.3450408
$GNGGA,090917.000,3954.76838,11620.33288,39.9141386,116.3450407
$GNGGA,090918.000,3954.76837,11620.33286,39.9141385,116.3450403
$GNGGA,090919.000,3954.76836,11620.33286,39.9141383,116.3450403
$GNGGA,090920.000,3954.76836,11620.33288,39.9141383,116.3450407
$GNGGA,090921.000,3954.76835,11620.33289,39.9141381,116.3450408
$GNGGA,090922.000,3954.76835,11620.33288,39.9141381,116.3450407
$GNGGA,090923.000,3954.76834,11620.33287,39.9141380,116.3450405
$GNGGA,090924.000,3954.76834,11620.33286,39.9141380,116.3450403
$GNGGA,090925.000,3954.76835,11620.33285,39.9141381,116.3450402
$GNGGA,090926.000,3954.76836,11620.33282,39.9141383,116.3450397
$GNGGA,090927.000,3954.76837,11620.33280,39.9141385,116.3450393
$GNGGA,090928.000,3954.76838,11620.33278,39.9141386,116.3450390
$GNGGA,090929.000,3954.76839,11620.33275,39.9141388,116.3450385
$GNGGA,090930.000,3954.76840,11620.33274,39.9141390,116.3450383
$GNGGA,090931.000,3954.76840,11620.33275,39.9141390,116.3450385
$GNGGA,090932.000,3954.76842,11620.33276,39.9141393,116.3450387
$GNGGA,090933.000,3954.76843,11620.33277,39.9141395,116.3450388
$GNGGA,090934.000,3954.76845,11620.33279,39.9141398,116.3450392
$GNGGA,090935.000,3954.76847,11620.33282,39.9141401,116.3450397
$GNGGA,090936.000,3954.76848,11620.33286,39.9141403,116.3450403
$GNGGA,090937.000,3954.76848,11620.33289,39.9141403,116.3450408
$GNGGA,090938.000,3954.76848,11620.33292,39.9141403,116.3450413
$GNGGA,090939.000,3954.76848,11620.33294,39.9141403,116.3450417
$GNGGA,090940.000,3954.76847,11620.33297,39.9141401,116.3450422
$GNGGA,090941.000,3954.76847,11620.33300,39.9141401,116.3450427
$GNGGA,090942.000,3954.76847,11620.33301,39.9141401,116.3450428
$GNGGA,090943.000,3954.76847,11620.33303,39.9141401,116.3450432
$GNGGA,090944.000,3954.76846,11620.33305,39.9141400,116.3450435
$GNGGA,090945.000,3954.76845,11620.33308,39.9141398,116.3450440
$GNGGA,090946.000,3954.76844,11620.33309,39.9141396,116.3450442
$GNGGA,090947.000,3954.76844,11620.33308,39.9141396,116.3450440
$GNGGA,090948.000,3954.76843,11620.33309,39.9141395,116.3450442
$GNGGA,090949.000,3954.76842,11620.33309,39.9141393,116.3450442
$GNGGA,090950.000,3954.76841,11620.33310,39.9141391,116.3450443
$GNGGA,090951.000,3954.76840,11620.33310,39.9141390,116.3450443
$GNGGA,090952.000,3954.76840,11620.33310,39.9141390,116.3450443
$GNGGA,090953.000,3954.76839,11620.33310,39.9141388,116.3450443
$GNGGA,090954.000,3954.76839,11620.33309,39.9141388,116.3450442
$GNGGA,090955.000,3954.76838,11620.33307,39.9141386,116.3450438
$GNGGA,090956.000,3954.76837,11620.33304,39.9141385,116.3450433
$GNGGA,090957.000,3954.76837,11620.33303,39.9141385,116.3450432
$GNGGA,090958.000,3954.76836,11620.33301,39.9141383,116.3450428
$GNGGA,090959.000,3954.76835,11620.33298,39.9141381,116.3450423
$GNGGA,091000.000,3954.76834,11620.33295,39.9141380,116.3450418
$GNGGA,091001.000,3954.76833,11620.33294,39.9141378,116.3450417
$GNGGA,091002.000,3954.76832,11620.33292,39.9141376,116.3450413
$GNGGA,091003.000,3954.76831,11620.33291,39.9141375,116.3450412
$GNGGA,091004.000,3954.76830,11620.33290,39.9141373,116.3450410
$GNGGA,091005.000,3954.76829,11620.33290,39.9141371,116.3450410
$GNGGA,091006.000,3954.76828,11620.33290,39.9141370,116.3450410
$GNGGA,091007.000,3954.76827,11620.33290,39.9141368,116.3450410
$GNGGA,091008.000,3954.76827,11620.33289,39.9141368,116.3450408
$GNGGA,091009.000,3954.76827,11620.33289,39.9141368,116.3450408
$GNGGA,091010.000,3954.76827,11620.33289,39.9141368,116.3450408
$GNGGA,091011.000,3954.76827,11620.33289,39.9141368,116.3450408
$GNGGA,091012.000,3954.76736,11620.33288,39.9141216,116.3450407
$GNGGA,091013.000,3954.76591,11620.33295,39.9140975,116.3450418
$GNGGA,091014.000,3954.76375,11620.33307,39.9140615,116.3450438
$GNGGA,091015.000,3954.76097,11620.33323,39.9140151,116.3450465
$GNGGA,091016.000,3954.75803,11620.33342,39.9139661,116.3450497
$GNGGA,091017.000,3954.75482,11620.33377,39.9139126,116.3450555
$GNGGA,091018.000,3954.75111,11620.33432,39.9138508,116.3450647
$GNGGA,091019.000,3954.74695,11620.33508,39.9137815,116.3450774
$GNGGA,091020.000,3954.74239,11620.33593,39.9137055,116.3450916
$GNGGA,091021.000,3954.73745,11620.33671,39.9136232,116.3451046
$GNGGA,091022.000,3954.73241,11620.33728,39.9135392,116.3451141
$GNGGA,091023.000,3954.72736,11620.33768,39.9134551,116.3451208
$GNGGA,091024.000,3954.72205,11620.33797,39.9133666,116.3451256
$GNGGA,091025.000,3954.71649,11620.33828,39.9132739,116.3451308
$GNGGA,091026.000,3954.71064,11620.33850,39.9131764,116.3451344
$GNGGA,091027.000,3954.70441,11620.33868,39.9130726,116.3451374
$GNGGA,091028.000,3954.69802,11620.33868,39.9129661,116.3451374
$GNGGA,091029.000,3954.69132,11620.33850,39.9128544,116.3451344
$GNGGA,091030.000,3954.68444,11620.33818,39.9127397,116.3451290
$GNGGA,091031.000,3954.67758,11620.33783,39.9126254,116.3451232
$GNGGA,091032.000,3954.67084,11620.33748,39.9125130,116.3451173
$GNGGA,091033.000,3954.66406,11620.33710,39.9124000,116.3451109
$GNGGA,091034.000,3954.65720,11620.33662,39.9122857,116.3451029
$GNGGA,091035.000,3954.65028,11620.33594,39.9121703,116.3450915
$GNGGA,091036.000,3954.64319,11620.33504,39.9120521,116.3450765
$GNGGA,091037.000,3954.63590,11620.33396,39.9119306,116.3450584
$GNGGA,091038.000,3954.62844,11620.33277,39.9118062,116.3450385
$GNGGA,091039.000,3954.62082,11620.33149,39.9116791,116.3450171
$GNGGA,091040.000,3954.61308,11620.33009,39.9115501,116.3449937
$GNGGA,091041.000,3954.60522,11620.32850,39.9114190,116.3449672
$GNGGA,091042.000,3954.59724,11620.32670,39.9112860,116.3449371
$GNGGA,091043.000,3954.58916,11620.32469,39.9111512,116.3449035
$GNGGA,091044.000,3954.58100,11620.32257,39.9110152,116.3448681
$GNGGA,091045.000,3954.57274,11620.32028,39.9108774,116.3448298
$GNGGA,091046.000,3954.56439,11620.31783,39.9107382,116.3447888
$GNGGA,091047.000,3954.55606,11620.31529,39.9105993,116.3447464
$GNGGA,091048.000,3954.54792,11620.31269,39.9104635,116.3447029
$GNGGA,091049.000,3954.53992,11620.31003,39.9103301,116.3446585
$GNGGA,091050.000,3954.53198,11620.30745,39.9101977,116.3446154
