$GNGGA,030145.000,3954.45238,11620.30790,39.9088709,116.3446227
$GNGGA,030146.000,3954.45242,11620.30740,39.9088716,116.3446144
$GNGGA,030147.000,3954.45177,11620.30697,39.9088608,116.3446072
$GNGGA,030148.000,3954.45119,11620.30647,39.9088511,116.3445988
$GNGGA,030149.000,3954.45066,11620.30601,39.9088422,116.3445912
$GNGGA,030150.000,3954.45051,11620.30528,39.9088397,116.3445790
$GNGGA,030151.000,3954.45056,11620.30432,39.9088405,116.3445629
$GNGGA,030152.000,3954.45064,11620.30294,39.9088418,116.3445399
$GNGGA,030153.000,3954.45076,11620.30122,39.9088437,116.3445111
$GNGGA,030154.000,3954.45099,11620.29937,39.9088475,116.3444802
$GNGGA,030155.000,3954.45168,11620.29773,39.9088590,116.3444529
$GNGGA,030156.000,3954.45294,11620.29672,39.9088799,116.3444360
$GNGGA,030157.000,3954.45472,11620.29629,39.9089096,116.3444288
$GNGGA,030158.000,3954.45696,11620.29609,39.9089469,116.3444255
$GNGGA,030159.000,3954.45957,11620.29625,39.9089904,116.3444281
$GNGGA,030200.000,3954.46232,11620.29668,39.9090363,116.3444353
$GNGGA,030201.000,3954.46515,11620.29705,39.9090835,116.3444415
$GNGGA,030202.000,3954.46851,11620.29768,39.9091395,116.3444521
$GNGGA,030203.000,3954.47229,11620.29867,39.9092025,116.3444686
$GNGGA,030204.000,3954.47654,11620.29979,39.9092734,116.3444873
$GNGGA,030205.000,3954.48127,11620.30108,39.9093523,116.3445089
$GNGGA,030206.000,3954.48647,11620.30253,39.9094390,116.3445331
$GNGGA,030207.000,3954.49206,11620.30407,39.9095322,116.3445588
$GNGGA,030208.000,3954.49796,11620.30578,39.9096306,116.3445874
$GNGGA,030209.000,3954.50371,11620.30744,39.9097265,116.3446152
$GNGGA,030210.000,3954.50936,11620.30913,39.9098207,116.3446434
$GNGGA,030211.000,3954.51511,11620.31081,39.9099166,116.3446715
$GNGGA,030212.000,3954.52095,11620.31247,39.9100140,116.3446992
$GNGGA,030213.000,3954.52671,11620.31424,39.9101100,116.3447288
$GNGGA,030214.000,3954.53227,11620.31589,39.9102028,116.3447564
$GNGGA,030215.000,3954.53754,11620.31743,39.9102906,116.3447821
$GNGGA,030216.000,3954.54236,11620.31890,39.9103710,116.3448067
$GNGGA,030217.000,3954.54669,11620.32023,39.9104432,116.3448289
$GNGGA,030218.000,3954.55056,11620.32144,39.9105078,116.3448491
$GNGGA,030219.000,3954.55391,11620.32252,39.9105636,116.3448672
$GNGGA,030220.000,3954.55680,11620.32344,39.9106118,116.3448825
$GNGGA,030221.000,3954.55955,11620.32431,39.9106577,116.3448971
$GNGGA,030222.000,3954.56232,11620.32507,39.9107039,116.3449098
$GNGGA,030223.000,3954.56487,11620.32628,39.9107464,116.3449300
$GNGGA,030224.000,3954.56697,11620.32770,39.9107815,116.3449537
$GNGGA,030225.000,3954.56855,11620.32882,39.9108079,116.3449724
$GNGGA,030226.000,3954.56981,11620.32946,39.9108289,116.3449831
$GNGGA,030227.000,3954.57084,11620.32974,39.9108460,116.3449878
$GNGGA,030228.000,3954.57175,11620.32990,39.9108612,116.3449905
$GNGGA,030229.000,3954.57243,11620.33002,39.9108726,116.3449925
$GNGGA,030230.000,3954.57298,11620.33013,39.9108817,116.3449943
$GNGGA,030231.000,3954.57346,11620.33022,39.9108897,116.3449958
$GNGGA,030232.000,3954.57349,11620.33018,39.9108902,116.3449952
$GNGGA,030233.000,3954.57354,11620.33014,39.9108911,116.3449945
$GNGGA,030234.000,3954.57359,11620.33009,39.9108919,116.3449937
$GNGGA,030235.000,3954.57368,11620.33007,39.9108934,116.3449933
$GNGGA,030236.000,3954.57380,11620.33003,39.9108954,116.3449927
$GNGGA,030237.000,3954.57384,11620.32999,39.9108961,116.3449920
$GNGGA,030238.000,3954.57391,11620.32993,39.9108972,116.3449910
$GNGGA,030239.000,3954.57395,11620.32985,39.9108979,116.3449896
$GNGGA,030240.000,3954.57400,11620.32978,39.9108987,116.3449885
$GNGGA,030241.000,3954.57405,11620.32969,39.9108995,116.3449870
$GNGGA,030242.000,3954.57410,11620.32962,39.9109004,116.3449858
$GNGGA,030243.000,3954.57472,11620.32969,39.9109107,116.3449870
$GNGGA,030244.000,3954.57578,11620.32984,39.9109284,116.3449895
$GNGGA,030245.000,3954.57772,11620.33021,39.9109607,116.3449957
$GNGGA,030246.000,3954.58039,11620.33078,39.9110053,116.3450052
$GNGGA,030247.000,3954.58326,11620.33146,39.9110531,116.3450166
$GNGGA,030248.000,3954.58641,11620.33223,39.9111056,116.3450294
$GNGGA,030249.000,3954.59009,11620.33310,39.9111670,116.3450440
$GNGGA,030250.000,3954.59426,11620.33405,39.9112365,116.3450598
$GNGGA,030251.000,3954.59894,11620.33511,39.9113146,116.3450776
$GNGGA,030252.000,3954.60405,11620.33624,39.9113998,116.3450965
$GNGGA,030253.000,3954.60926,11620.33723,39.9114866,116.3451130
$GNGGA,030254.000,3954.61461,11620.33810,39.9115758,116.3451275
$GNGGA,030255.000,3954.62023,11620.33901,39.9116695,116.3451428
$GNGGA,030256.000,3954.62621,11620.33992,39.9117692,116.3451580
$GNGGA,030257.000,3954.63258,11620.34087,39.9118754,116.3451739
$GNGGA,030258.000,3954.63933,11620.34182,39.9119880,116.3451897
$GNGGA,030259.000,3954.64623,11620.34266,39.9121030,116.3452038
$GNGGA,030300.000,3954.65307,11620.34336,39.9122170,116.3452155
$GNGGA,030301.000,3954.65986,11620.34394,39.9123302,116.3452252
$GNGGA,030302.000,3954.66683,11620.34425,39.9124464,116.3452304
$GNGGA,030303.000,3954.67382,11620.34429,39.9125629,116.3452311
$GNGGA,030304.000,3954.68055,11620.34420,39.9126751,116.3452296
$GNGGA,030305.000,3954.68687,11620.34418,39.9127804,116.3452293
$GNGGA,030306.000,3954.69288,11620.34426,39.9128806,116.3452306
$GNGGA,030307.000,3954.69863,11620.34438,39.9129764,116.3452326
$GNGGA,030308.000,3954.70378,11620.34434,39.9130623,116.3452320
$GNGGA,030309.000,3954.70832,11620.34417,39.9131379,116.3452291
$GNGGA,030310.000,3954.71252,11620.34400,39.9132079,116.3452263
$GNGGA,030311.000,3954.71657,11620.34379,39.9132754,116.3452228
$GNGGA,030312.000,3954.72062,11620.34361,39.9133429,116.3452198
$GNGGA,030313.000,3954.72460,11620.34342,39.9134093,116.3452166
$GNGGA,030314.000,3954.72805,11620.34328,39.9134668,116.3452143
$GNGGA,030315.000,3954.73074,11620.34316,39.9135116,116.3452123
$GNGGA,030316.000,3954.73321,11620.34301,39.9135527,116.3452098
$GNGGA,030317.000,3954.73581,11620.34287,39.9135961,116.3452075
$GNGGA,030318.000,3954.73866,11620.34274,39.9136436,116.3452053
$GNGGA,030319.000,3954.74176,11620.34256,39.9136952,116.3452023
$GNGGA,030320.000,3954.74514,11620.34234,39.9137516,116.3451986
$GNGGA,030321.000,3954.74882,11620.34210,39.9138129,116.3451946
$GNGGA,030322.000,3954.75286,11620.34179,39.9138802,116.3451895
$GNGGA,030323.000,3954.75723,11620.34142,39.9139530,116.3451833
$GNGGA,030324.000,3954.76199,11620.34108,39.9140324,116.3451776
$GNGGA,030325.000,3954.76708,11620.34082,39.9141172,116.3451733
$GNGGA,030326.000,3954.77251,11620.34061,39.9142077,116.3451698
$GNGGA,030327.000,3954.77824,11620.34033,39.9143032,116.3451651
$GNGGA,030328.000,3954.78422,11620.34000,39.9144029,116.3451596
$GNGGA,030329.000,3954.79017,11620.33959,39.9145020,116.3451528
$GNGGA,030330.000,3954.79605,11620.33919,39.9146000,116.3451461
$GNGGA,030331.000,3954.80210,11620.33878,39.9147008,116.3451393
$GNGGA,030332.000,3954.80830,11620.33831,39.9148042,116.3451315
$GNGGA,030333.000,3954.81469,11620.33757,39.9149106,116.3451191
$GNGGA,030334.000,3954.82124,11620.33651,39.9150198,116.3451014
$GNGGA,030335.000,3954.82792,11620.33554,39.9151311,116.3450852
$GNGGA,030336.000,3954.83479,11620.33494,39.9152456,116.3450752
$GNGGA,030337.000,3954.84185,11620.33448,39.9153632,116.3450676
$GNGGA,030338.000,3954.84901,11620.33398,39.9154825,116.3450592
$GNGGA,030339.000,3954.85635,11620.33352,39.9156049,116.3450515
$GNGGA,030340.000,3954.86382,11620.33307,39.9157294,116.3450440
$GNGGA,030341.000,3954.87134,11620.33263,39.9158547,116.3450367
$GNGGA,030342.000,3954.87906,11620.33214,39.9159833,116.3450285
$GNGGA,030343.000,3954.88693,11620.33160,39.9161145,116.3450195
$GNGGA,030344.000,3954.89497,11620.33109,39.9162485,116.3450110
$GNGGA,030345.000,3954.90306,11620.33063,39.9163833,116.3450034
$GNGGA,030346.000,3954.91132,11620.33017,39.9165210,116.3449957
$GNGGA,030347.000,3954.91968,11620.32981,39.9166603,116.3449897
$GNGGA,030348.000,3954.92792,11620.32954,39.9167976,116.3449852
$GNGGA,030349.000,3954.93608,11620.32934,39.9169336,116.3449819
$GNGGA,030350.000,3954.94419,11620.32925,39.9170688,116.3449804
$GNGGA,030351.000,3954.95239,11620.32913,39.9172055,116.3449784
$GNGGA,030352.000,3954.96069,11620.32893,39.9173438,116.3449751
$GNGGA,030353.000,3954.96904,11620.32858,39.9174830,116.3449693
$GNGGA,030354.000,3954.97751,11620.32821,39.9176241,116.3449631
$GNGGA,030355.000,3954.98596,11620.32780,39.9177650,116.3449563
$GNGGA,030356.000,3954.99426,11620.32731,39.9179033,116.3449481
$GNGGA,030357.000,3955.00237,11620.32678,39.9180384,116.3449393
$GNGGA,030358.000,3955.01037,11620.32624,39.9181718,116.3449303
$GNGGA,030359.000,3955.01843,11620.32568,39.9183061,116.3449209
$GNGGA,030400.000,3955.02662,11620.32506,39.9184426,116.3449106
$GNGGA,030401.000,3955.03492,11620.32424,39.9185809,116.3448969
$GNGGA,030402.000,3955.04330,11620.32313,39.9187205,116.3448784
$GNGGA,030403.000,3955.05173,11620.32202,39.9188610,116.3448599
$GNGGA,030404.000,3955.06025,11620.32108,39.9190030,116.3448442
$GNGGA,030405.000,3955.06885,11620.32034,39.9191463,116.3448318
$GNGGA,030406.000,3955.07747,11620.31963,39.9192899,116.3448200
$GNGGA,030407.000,3955.08604,11620.31894,39.9194327,116.3448085
$GNGGA,030408.000,3955.09466,11620.31830,39.9195764,116.3447978
$GNGGA,030409.000,3955.10335,11620.31774,39.9197212,116.3447885
$GNGGA,030410.000,3955.11210,11620.31722,39.9198670,116.3447798
$GNGGA,030411.000,3955.12091,11620.31676,39.9200139,116.3447721
$GNGGA,030412.000,3955.12977,11620.31620,39.9201615,116.3447628
$GNGGA,030413.000,3955.13868,11620.31560,39.9203100,116.3447528
$GNGGA,030414.000,3955.14767,11620.31511,39.9204598,116.3447446
$GNGGA,030415.000,3955.15675,11620.31461,39.9206112,116.3447363
$GNGGA,030416.000,3955.16589,11620.31409,39.9207635,116.3447276
$GNGGA,030417.000,3955.17514,11620.31371,39.9209176,116.3447213
$GNGGA,030418.000,3955.18452,11620.31352,39.9210740,116.3447182
$GNGGA,030419.000,3955.19396,11620.31343,39.9212313,116.3447167
$GNGGA,030420.000,3955.20326,11620.31337,39.9213863,116.3447157
$GNGGA,030421.000,3955.21242,11620.31317,39.9215390,116.3447124
$GNGGA,030422.000,3955.22142,11620.31282,39.9216890,116.3447065
$GNGGA,030423.000,3955.23019,11620.31243,39.9218351,116.3447000
$GNGGA,030424.000,3955.23863,11620.31213,39.9219758,116.3446950
$GNGGA,030425.000,3955.24658,11620.31206,39.9221083,116.3446939
$GNGGA,030426.000,3955.25410,11620.31212,39.9222336,116.3446949
$GNGGA,030427.000,3955.26124,11620.31220,39.9223527,116.3446963
$GNGGA,030428.000,3955.26804,11620.31208,39.9224660,116.3446943
$GNGGA,030429.000,3955.27428,11620.31179,39.9225700,116.3446894
$GNGGA,030430.000,3955.27979,11620.31144,39.9226618,116.3446836
$GNGGA,030431.000,3955.28459,11620.31113,39.9227418,116.3446784
$GNGGA,030432.000,3955.28871,11620.31090,39.9228105,116.3446746
$GNGGA,030433.000,3955.29202,11620.31078,39.9228656,116.3446726
$GNGGA,030434.000,3955.29424,11620.31072,39.9229026,116.3446716
$GNGGA,030435.000,3955.29545,11620.31070,39.9229228,116.3446713
$GNGGA,030436.000,3955.29606,11620.31070,39.9229330,116.3446713
$GNGGA,030437.000,3955.29643,11620.31072,39.9229391,116.3446716
$GNGGA,030438.000,3955.29647,11620.31074,39.9229398,116.3446720
$GNGGA,030439.000,3955.29648,11620.31080,39.9229400,116.3446730
$GNGGA,030440.000,3955.29650,11620.31083,39.9229403,116.3446735
$GNGGA,030441.000,3955.29651,11620.31086,39.9229405,116.3446740
$GNGGA,030442.000,3955.29653,11620.31090,39.9229408,116.3446746
$GNGGA,030443.000,3955.29655,11620.31092,39.9229411,116.3446750
$GNGGA,030444.000,3955.29657,11620.31093,39.9229415,116.3446751
$GNGGA,030445.000,3955.29660,11620.31093,39.9229420,116.3446751
$GNGGA,030446.000,3955.29662,11620.31094,39.9229423,116.3446753
$GNGGA,030447.000,3955.29662,11620.31095,39.9229423,116.3446755
$GNGGA,030448.000,3955.29661,11620.31097,39.9229421,116.3446758
$GNGGA,030449.000,3955.29658,11620.31097,39.9229416,116.3446758
$GNGGA,030450.000,3955.29657,11620.31096,39.9229415,116.3446756
$GNGGA,030451.000,3955.29655,11620.31098,39.9229411,116.3446760
$GNGGA,030452.000,3955.29656,11620.31100,39.9229413,116.3446763
$GNGGA,030453.000,3955.29657,11620.31102,39.9229415,116.3446766
$GNGGA,030454.000,3955.29658,11620.31104,39.9229416,116.3446770
$GNGGA,030455.000,3955.29660,11620.31106,39.9229420,116.3446773
$GNGGA,030456.000,3955.29663,11620.31108,39.9229425,116.3446776
$GNGGA,030457.000,3955.29664,11620.31109,39.9229426,116.3446778
$GNGGA,030458.000,3955.29666,11620.31109,39.9229430,116.3446778
$GNGGA,030459.000,3955.29668,11620.31108,39.9229433,116.3446776
$GNGGA,030500.000,3955.29669,11620.31108,39.9229435,116.3446776
$GNGGA,030501.000,3955.29670,11620.31110,39.9229436,116.3446780
$GNGGA,030502.000,3955.29671,11620.31112,39.9229438,116.3446783
$GNGGA,030503.000,3955.29671,11620.31115,39.9229438,116.3446788
$GNGGA,030504.000,3955.29672,11620.31117,39.9229440,116.3446791
$GNGGA,030505.000,3955.29673,11620.31119,39.9229441,116.3446795
$GNGGA,030506.000,3955.29674,11620.31121,39.9229443,116.3446798
$GNGGA,030507.000,3955.29676,11620.31123,39.9229446,116.3446801
$GNGGA,030508.000,3955.29677,11620.31124,39.9229448,116.3446803
$GNGGA,030509.000,3955.29677,11620.31124,39.9229448,116.3446803
$GNGGA,030510.000,3955.29677,11620.31125,39.9229448,116.3446805
$GNGGA,030511.000,3955.29677,11620.31126,39.9229448,116.3446806
$GNGGA,030512.000,3955.29677,11620.31127,39.9229448,116.3446808
$GNGGA,030513.000,3955.29677,11620.31129,39.9229448,116.3446811
$GNGGA,030514.000,3955.29676,11620.31130,39.9229447,116.3446813
$GNGGA,030515.000,3955.29675,11620.31131,39.9229445,116.3446815
$GNGGA,030516.000,3955.29675,11620.31132,39.9229445,116.3446816
$GNGGA,030517.000,3955.29675,11620.31132,39.9229445,116.3446816
$GNGGA,030518.000,3955.29675,11620.31131,39.9229445,116.3446815
$GNGGA,030519.000,3955.29676,11620.31130,39.9229447,116.3446813
$GNGGA,030520.000,3955.29676,11620.31129,39.9229447,116.3446811
$GNGGA,030521.000,3955.29677,11620.31129,39.9229448,116.3446811
$GNGGA,030522.000,3955.29677,11620.31128,39.9229448,116.3446810
$GNGGA,030523.000,3955.29678,11620.31128,39.9229450,116.3446810
$GNGGA,030524.000,3955.29678,11620.31128,39.9229450,116.3446810
$GNGGA,030525.000,3955.29678,11620.31129,39.9229450,116.3446811
$GNGGA,030526.000,3955.29679,11620.31129,39.9229452,116.3446811
$GNGGA,030527.000,3955.29679,11620.31129,39.9229452,116.3446811
$GNGGA,030528.000,3955.29679,11620.31129,39.9229452,116.3446811
$GNGGA,030529.000,3955.29680,11620.31128,39.9229453,116.3446810
$GNGGA,030530.000,3955.29680,11620.31128,39.9229453,116.3446810
$GNGGA,030531.000,3955.29681,11620.31127,39.9229455,116.3446808
$GNGGA,030532.000,3955.29682,11620.31128,39.9229457,116.3446810
$GNGGA,030533.000,3955.29683,11620.31129,39.9229458,116.3446811
$GNGGA,030534.000,3955.29684,11620.31129,39.9229460,116.3446811
$GNGGA,030535.000,3955.29684,11620.31129,39.9229460,116.3446811
$GNGGA,030536.000,3955.29684,11620.31130,39.9229460,116.3446813
$GNGGA,030537.000,3955.29684,11620.31130,39.9229460,116.3446813
$GNGGA,030538.000,3955.29684,11620.31130,39.9229460,116.3446813
$GNGGA,030539.000,3955.29685,11620.31131,39.9229462,116.3446815
$GNGGA,030540.000,3955.29685,11620.31131,39.9229462,116.3446815
$GNGGA,030541.000,3955.29684,11620.31132,39.9229460,116.3446816
$GNGGA,030542.000,3955.29684,11620.31133,39.9229460,116.3446818
$GNGGA,030543.000,3955.29684,11620.31134,39.9229460,116.3446820
$GNGGA,030544.000,3955.29702,11620.31134,39.9229490,116.3446820
$GNGGA,030545.000,3955.29761,11620.31135,39.9229588,116.3446821
$GNGGA,030546.000,3955.29880,11620.31129,39.9229787,116.3446811
$GNGGA,030547.000,3955.30063,11620.31114,39.9230091,116.3446786
$GNGGA,030548.000,3955.30278,11620.31092,39.9230450,116.3446750
$GNGGA,030549.000,3955.30494,11620.31067,39.9230810,116.3446708
$GNGGA,030550.000,3955.30746,11620.31034,39.9231230,116.3446653
$GNGGA,030551.000,3955.31042,11620.30989,39.9231723,116.3446578
$GNGGA,030552.000,3955.31375,11620.30938,39.9232278,116.3446493
$GNGGA,030553.000,3955.31747,11620.30883,39.9232898,116.3446401
$GNGGA,030554.000,3955.32161,11620.30822,39.9233587,116.3446299
$GNGGA,030555.000,3955.32601,11620.30755,39.9234321,116.3446187
$GNGGA,030556.000,3955.33039,11620.30682,39.9235050,116.3446065
$GNGGA,030557.000,3955.33492,11620.30601,39.9235805,116.3445930
$GNGGA,030558.000,3955.33974,11620.30517,39.9236608,116.3445790
$GNGGA,030559.000,3955.34488,11620.30447,39.9237465,116.3445673
$GNGGA,030600.000,3955.35037,11620.30382,39.9238380,116.3445565
$GNGGA,030601.000,3955.35613,11620.30316,39.9239339,116.3445455
$GNGGA,030602.000,3955.36192,11620.30250,39.9240304,116.3445344
$GNGGA,030603.000,3955.36769,11620.30183,39.9241266,116.3445233
$GNGGA,030604.000,3955.37361,11620.30115,39.9242252,116.3445119
$GNGGA,030605.000,3955.37974,11620.30040,39.9243274,116.3444994
$GNGGA,030606.000,3955.38602,11620.29960,39.9244320,116.3444861
$GNGGA,030607.000,3955.39240,11620.29876,39.9245383,116.3444720
$GNGGA,030608.000,3955.39899,11620.29787,39.9246481,116.3444572
$GNGGA,030609.000,3955.40575,11620.29695,39.9247608,116.3444418
$GNGGA,030610.000,3955.41274,11620.29613,39.9248773,116.3444281
$GNGGA,030611.000,3955.41987,11620.29534,39.9249961,116.3444150
$GNGGA,030612.000,3955.42719,11620.29452,39.9251180,116.3444013
$GNGGA,030613.000,3955.43469,11620.29361,39.9252430,116.3443861
$GNGGA,030614.000,3955.44225,11620.29270,39.9253690,116.3443709
$GNGGA,030615.000,3955.44973,11620.29177,39.9254936,116.3443554
$GNGGA,030616.000,3955.45726,11620.29078,39.9256191,116.3443389
$GNGGA,030617.000,3955.46497,11620.28986,39.9257476,116.3443235
$GNGGA,030618.000,3955.47286,11620.28894,39.9258791,116.3443082
$GNGGA,030619.000,3955.48092,11620.28800,39.9260134,116.3442925
$GNGGA,030620.000,3955.48906,11620.28705,39.9261490,116.3442766
$GNGGA,030621.000,3955.49713,11620.28610,39.9262835,116.3442608
$GNGGA,030622.000,3955.50502,11620.28507,39.9264150,116.3442436
$GNGGA,030623.000,3955.51298,11620.28407,39.9265476,116.3442269
$GNGGA,030624.000,3955.52106,11620.28305,39.9266823,116.3442099
$GNGGA,030625.000,3955.52922,11620.28206,39.9268182,116.3441934
$GNGGA,030626.000,3955.53736,11620.28091,39.9269539,116.3441742
$GNGGA,030627.000,3955.54545,11620.27938,39.9270887,116.3441486
$GNGGA,030628.000,3955.55334,11620.27772,39.9272201,116.3441209
$GNGGA,030629.000,3955.56092,11620.27603,39.9273464,116.3440927
$GNGGA,030630.000,3955.56779,11620.27438,39.9274608,116.3440652
$GNGGA,030631.000,3955.57378,11620.27315,39.9275606,116.3440446
$GNGGA,030632.000,3955.57885,11620.27234,39.9276451,116.3440311
$GNGGA,030633.000,3955.58298,11620.27178,39.9277139,116.3440218
$GNGGA,030634.000,3955.58616,11620.27142,39.9277669,116.3440157
$GNGGA,030635.000,3955.58855,11620.27118,39.9278068,116.3440117
$GNGGA,030636.000,3955.59026,11620.27100,39.9278353,116.3440087
$GNGGA,030637.000,3955.59144,11620.27088,39.9278549,116.3440067
$GNGGA,030638.000,3955.59221,11620.27079,39.9278678,116.3440052
$GNGGA,030639.000,3955.59269,11620.27072,39.9278757,116.3440041
$GNGGA,030640.000,3955.59303,11620.27069,39.9278814,116.3440036
$GNGGA,030641.000,3955.59307,11620.27065,39.9278821,116.3440029
$GNGGA,030642.000,3955.59309,11620.27061,39.9278824,116.3440022
$GNGGA,030643.000,3955.59310,11620.27058,39.9278826,116.3440017
$GNGGA,030644.000,3955.59310,11620.27055,39.9278826,116.3440012
$GNGGA,030645.000,3955.59310,11620.27053,39.9278826,116.3440009
$GNGGA,030646.000,3955.59309,11620.27053,39.9278824,116.3440009
$GNGGA,030647.000,3955.59309,11620.27053,39.9278824,116.3440009
$GNGGA,030648.000,3955.59308,11620.27052,39.9278822,116.3440007
$GNGGA,030649.000,3955.59350,11620.27048,39.9278892,116.3440001
$GNGGA,030650.000,3955.59437,11620.27036,39.9279037,116.3439981
$GNGGA,030651.000,3955.59571,11620.27018,39.9279261,116.3439951
$GNGGA,030652.000,3955.59747,11620.26996,39.9279554,116.3439914
$GNGGA,030653.000,3955.59952,11620.26970,39.9279896,116.3439870
$GNGGA,030654.000,3955.60190,11620.26938,39.9280292,116.3439817
$GNGGA,030655.000,3955.60479,11620.26900,39.9280774,116.3439754
$GNGGA,030656.000,3955.60779,11620.26863,39.9281274,116.3439692
$GNGGA,030657.000,3955.61092,11620.26826,39.9281795,116.3439630
$GNGGA,030658.000,3955.61442,11620.26798,39.9282378,116.3439583
$GNGGA,030659.000,3955.61832,11620.26782,39.9283028,116.3439557
$GNGGA,030700.000,3955.62263,11620.26781,39.9283747,116.3439555
$GNGGA,030701.000,3955.62729,11620.26790,39.9284524,116.3439570
$GNGGA,030702.000,3955.63235,11620.26801,39.9285367,116.3439589
$GNGGA,030703.000,3955.63768,11620.26812,39.9286255,116.3439607
$GNGGA,030704.000,3955.64299,11620.26819,39.9287140,116.3439619
$GNGGA,030705.000,3955.64828,11620.26825,39.9288022,116.3439629
$GNGGA,030706.000,3955.65374,11620.26828,39.9288932,116.3439634
$GNGGA,030707.000,3955.65943,11620.26825,39.9289881,116.3439629
$GNGGA,030708.000,3955.66525,11620.26827,39.9290851,116.3439633
$GNGGA,030709.000,3955.67128,11620.26833,39.9291856,116.3439643
$GNGGA,030710.000,3955.67753,11620.26839,39.9292897,116.3439653
$GNGGA,030711.000,3955.68400,11620.26843,39.9293976,116.3439660
$GNGGA,030712.000,3955.69068,11620.26845,39.9295089,116.3439664
$GNGGA,030713.000,3955.69754,11620.26851,39.9296233,116.3439674
$GNGGA,030714.000,3955.70441,11620.26860,39.9297378,116.3439689
$GNGGA,030715.000,3955.71121,11620.26869,39.9298511,116.3439704
$GNGGA,030716.000,3955.71812,11620.26878,39.9299663,116.3439719
$GNGGA,030717.000,3955.72519,11620.26887,39.9300841,116.3439734
$GNGGA,030718.000,3955.73242,11620.26892,39.9302046,116.3439743
$GNGGA,030719.000,3955.73979,11620.26896,39.9303275,116.3439750
$GNGGA,030720.000,3955.74725,11620.26899,39.9304518,116.3439755
$GNGGA,030721.000,3955.75478,11620.26902,39.9305773,116.3439760
$GNGGA,030722.000,3955.76236,11620.26912,39.9307036,116.3439777
$GNGGA,030723.000,3955.76997,11620.26931,39.9308305,116.3439809
$GNGGA,030724.000,3955.77750,11620.26952,39.9309560,116.3439844
$GNGGA,030725.000,3955.78483,11620.26964,39.9310782,116.3439864
$GNGGA,030726.000,3955.79196,11620.26973,39.9311970,116.3439879
$GNGGA,030727.000,3955.79890,11620.26989,39.9313127,116.3439906
$GNGGA,030728.000,3955.80562,11620.27035,39.9314247,116.3439983
$GNGGA,030729.000,3955.81212,11620.27115,39.9315331,116.3440117
$GNGGA,030730.000,3955.81846,11620.27207,39.9316388,116.3440271
$GNGGA,030731.000,3955.82453,11620.27268,39.9317400,116.3440373
$GNGGA,030732.000,3955.82988,11620.27296,39.9318291,116.3440420
$GNGGA,030733.000,3955.83454,11620.27311,39.9319068,116.3440445
$GNGGA,030734.000,3955.83847,11620.27328,39.9319723,116.3440473
$GNGGA,030735.000,3955.84151,11620.27339,39.9320230,116.3440492
$GNGGA,030736.000,3955.84366,11620.27345,39.9320588,116.3440502
$GNGGA,030737.000,3955.84518,11620.27349,39.9320842,116.3440509
$GNGGA,030738.000,3955.84629,11620.27355,39.9321027,116.3440519
$GNGGA,030739.000,3955.84699,11620.27361,39.9321143,116.3440529
$GNGGA,030740.000,3955.84705,11620.27362,39.9321153,116.3440530
$GNGGA,030741.000,3955.84710,11620.27364,39.9321162,116.3440534
$GNGGA,030742.000,3955.84714,11620.27366,39.9321168,116.3440537
$GNGGA,030743.000,3955.84718,11620.27368,39.9321175,116.3440540
$GNGGA,030744.000,3955.84722,11620.27368,39.9321182,116.3440540
$GNGGA,030745.000,3955.84725,11620.27371,39.9321187,116.3440545
$GNGGA,030746.000,3955.84727,11620.27373,39.9321190,116.3440549
$GNGGA,030747.000,3955.84728,11620.27376,39.9321192,116.3440554
$GNGGA,030748.000,3955.84729,11620.27378,39.9321194,116.3440557
$GNGGA,030749.000,3955.84729,11620.27380,39.9321194,116.3440561
$GNGGA,030750.000,3955.84728,11620.27381,39.9321192,116.3440562
$GNGGA,030751.000,3955.84727,11620.27382,39.9321190,116.3440564
$GNGGA,030752.000,3955.84727,11620.27383,39.9321190,116.3440566
$GNGGA,030753.000,3955.84728,11620.27384,39.9321192,116.3440567
$GNGGA,030754.000,3955.84729,11620.27384,39.9321194,116.3440567
$GNGGA,030755.000,3955.84730,11620.27386,39.9321195,116.3440571
$GNGGA,030756.000,3955.84730,11620.27386,39.9321195,116.3440571
$GNGGA,030757.000,3955.84730,11620.27386,39.9321195,116.3440571
$GNGGA,030758.000,3955.84730,11620.27389,39.9321195,116.3440576
$GNGGA,030759.000,3955.84729,11620.27392,39.9321194,116.3440581
$GNGGA,030800.000,3955.84729,11620.27393,39.9321194,116.3440582
$GNGGA,030801.000,3955.84729,11620.27394,39.9321194,116.3440584
$GNGGA,030802.000,3955.84729,11620.27394,39.9321194,116.3440584
$GNGGA,030803.000,3955.84730,11620.27394,39.9321195,116.3440584
$GNGGA,030804.000,3955.84730,11620.27394,39.9321195,116.3440584
$GNGGA,030805.000,3955.84731,11620.27396,39.9321197,116.3440587
$GNGGA,030806.000,3955.84732,11620.27396,39.9321199,116.3440587
$GNGGA,030807.000,3955.84733,11620.27397,39.9321200,116.3440589
$GNGGA,030808.000,3955.84734,11620.27397,39.9321202,116.3440589
$GNGGA,030809.000,3955.84735,11620.27398,39.9321204,116.3440591
$GNGGA,030810.000,3955.84735,11620.27398,39.9321204,116.3440591
$GNGGA,030811.000,3955.84736,11620.27397,39.9321205,116.3440589
$GNGGA,030812.000,3955.84737,11620.27396,39.9321207,116.3440587
$GNGGA,030813.000,3955.84739,11620.27395,39.9321210,116.3440586
$GNGGA,030814.000,3955.84740,11620.27394,39.9321212,116.3440584
$GNGGA,030815.000,3955.84741,11620.27394,39.9321214,116.3440584
$GNGGA,030816.000,3955.84742,11620.27394,39.9321215,116.3440584
$GNGGA,030817.000,3955.84742,11620.27394,39.9321215,116.3440584
$GNGGA,030818.000,3955.84743,11620.27394,39.9321217,116.3440584
$GNGGA,030819.000,3955.84743,11620.27393,39.9321217,116.3440582
$GNGGA,030820.000,3955.84744,11620.27393,39.9321219,116.3440582
$GNGGA,030821.000,3955.84744,11620.27392,39.9321219,116.3440581
$GNGGA,030822.000,3955.84745,11620.27391,39.9321220,116.3440579
$GNGGA,030823.000,3955.84746,11620.27390,39.9321222,116.3440577
$GNGGA,030824.000,3955.84747,11620.27390,39.9321224,116.3440577
$GNGGA,030825.000,3955.84748,11620.27389,39.9321225,116.3440576
$GNGGA,030826.000,3955.84748,11620.27388,39.9321225,116.3440574
$GNGGA,030827.000,3955.84749,11620.27386,39.9321227,116.3440571
$GNGGA,030828.000,3955.84749,11620.27385,39.9321227,116.3440569
$GNGGA,030829.000,3955.84750,11620.27384,39.9321229,116.3440567
$GNGGA,030830.000,3955.84751,11620.27382,39.9321230,116.3440564
$GNGGA,030831.000,3955.84751,11620.27381,39.9321230,116.3440562
$GNGGA,030832.000,3955.84752,11620.27380,39.9321232,116.3440561
$GNGGA,030833.000,3955.84753,11620.27379,39.9321234,116.3440559
$GNGGA,030834.000,3955.84754,11620.27378,39.9321235,116.3440557
$GNGGA,030835.000,3955.84756,11620.27377,39.9321239,116.3440556
$GNGGA,030836.000,3955.84757,11620.27376,39.9321240,116.3440554
$GNGGA,030837.000,3955.84757,11620.27376,39.9321240,116.3440554
$GNGGA,030838.000,3955.84758,11620.27376,39.9321242,116.3440554
$GNGGA,030839.000,3955.84759,11620.27375,39.9321244,116.3440552
$GNGGA,030840.000,3955.84759,11620.27374,39.9321244,116.3440551
$GNGGA,030841.000,3955.84760,11620.27373,39.9321245,116.3440549
$GNGGA,030842.000,3955.84761,11620.27372,39.9321247,116.3440547
$GNGGA,030843.000,3955.84762,11620.27373,39.9321248,116.3440549
$GNGGA,030844.000,3955.84763,11620.27373,39.9321250,116.3440549
$GNGGA,030845.000,3955.84764,11620.27373,39.9321252,116.3440549
$GNGGA,030846.000,3955.84765,11620.27373,39.9321253,116.3440549
$GNGGA,030847.000,3955.84766,11620.27373,39.9321255,116.3440549
$GNGGA,030848.000,3955.84768,11620.27373,39.9321258,116.3440549
$GNGGA,030849.000,3955.84769,11620.27373,39.9321260,116.3440549
$GNGGA,030850.000,3955.84769,11620.27372,39.9321260,116.3440547
$GNGGA,030851.000,3955.84770,11620.27371,39.9321262,116.3440546
$GNGGA,030852.000,3955.84771,11620.27371,39.9321263,116.3440546
$GNGGA,030853.000,3955.84772,11620.27370,39.9321265,116.3440544
$GNGGA,030854.000,3955.84772,11620.27369,39.9321265,116.3440542
$GNGGA,030855.000,3955.84773,11620.27368,39.9321267,116.3440540
$GNGGA,030856.000,3955.84774,11620.27367,39.9321268,116.3440539
$GNGGA,030857.000,3955.84775,11620.27367,39.9321270,116.3440539
$GNGGA,030858.000,3955.84776,11620.27366,39.9321272,116.3440537
$GNGGA,030859.000,3955.84777,11620.27366,39.9321273,116.3440537
$GNGGA,030900.000,3955.84778,11620.27366,39.9321275,116.3440537
$GNGGA,030901.000,3955.84779,11620.27365,39.9321277,116.3440535
$GNGGA,030902.000,3955.84779,11620.27365,39.9321277,116.3440535
$GNGGA,030903.000,3955.84780,11620.27365,39.9321278,116.3440535
$GNGGA,030904.000,3955.84780,11620.27365,39.9321278,116.3440535
$GNGGA,030905.000,3955.84781,11620.27366,39.9321280,116.3440537
$GNGGA,030906.000,3955.84782,11620.27367,39.9321282,116.3440539
$GNGGA,030907.000,3955.84782,11620.27367,39.9321282,116.3440539
$GNGGA,030908.000,3955.84783,11620.27368,39.9321283,116.3440540
$GNGGA,030909.000,3955.84842,11620.27366,39.9321382,116.3440537
$GNGGA,030910.000,3955.84963,11620.27370,39.9321584,116.3440544
$GNGGA,030911.000,3955.85170,11620.27376,39.9321929,116.3440554
$GNGGA,030912.000,3955.85423,11620.27386,39.9322350,116.3440571
$GNGGA,030913.000,3955.85689,11620.27404,39.9322794,116.3440601
$GNGGA,030914.000,3955.85993,11620.27423,39.9323300,116.3440633
$GNGGA,030915.000,3955.86331,11620.27447,39.9323864,116.3440673
$GNGGA,030916.000,3955.86699,11620.27471,39.9324477,116.3440713
$GNGGA,030917.000,3955.87074,11620.27490,39.9325102,116.3440745
$GNGGA,030918.000,3955.87449,11620.27511,39.9325727,116.3440780
$GNGGA,030919.000,3955.87842,11620.27545,39.9326383,116.3440837
$GNGGA,030920.000,3955.88259,11620.27592,39.9327078,116.3440915
$GNGGA,030921.000,3955.88704,11620.27646,39.9327820,116.3441006
$GNGGA,030922.000,3955.89179,11620.27701,39.9328611,116.3441098
$GNGGA,030923.000,3955.89685,11620.27745,39.9329455,116.3441171
$GNGGA,030924.000,3955.90216,11620.27771,39.9330340,116.3441215
$GNGGA,030925.000,3955.90765,11620.27779,39.9331255,116.3441228
$GNGGA,030926.000,3955.91312,11620.27781,39.9332167,116.3441232
$GNGGA,030927.000,3955.91857,11620.27785,39.9333075,116.3441239
