$GNGGA,235442.000,3954.40907,11620.27803,39.9081481,116.3441237
$GNGGA,235443.000,3954.41414,11620.27934,39.9082327,116.3441456
$GNGGA,235444.000,3954.41905,11620.28070,39.9083146,116.3441683
$GNGGA,235445.000,3954.42381,11620.28213,39.9083940,116.3441922
$GNGGA,235446.000,3954.42839,11620.28349,39.9084703,116.3442149
$GNGGA,235447.000,3954.43269,11620.28475,39.9085420,116.3442360
$GNGGA,235448.000,3954.43679,11620.28594,39.9086104,116.3442559
$GNGGA,235449.000,3954.44060,11620.28705,39.9086740,116.3442744
$GNGGA,235450.000,3954.44423,11620.28814,39.9087345,116.3442926
$GNGGA,235451.000,3954.44789,11620.28928,39.9087955,116.3443117
$GNGGA,235452.000,3954.45175,11620.29052,39.9088599,116.3443324
$GNGGA,235453.000,3954.45587,11620.29191,39.9089286,116.3443556
$GNGGA,235454.000,3954.46032,11620.29340,39.9090028,116.3443805
$GNGGA,235455.000,3954.46492,11620.29493,39.9090796,116.3444061
$GNGGA,235456.000,3954.46990,11620.29648,39.9091626,116.3444320
$GNGGA,235457.000,3954.47523,11620.29804,39.9092515,116.3444581
$GNGGA,235458.000,3954.48089,11620.29972,39.9093459,116.3444862
$GNGGA,235459.000,3954.48688,11620.30151,39.9094458,116.3445161
$GNGGA,235500.000,3954.49321,11620.30342,39.9095513,116.3445480
$GNGGA,235501.000,3954.49987,11620.30540,39.9096624,116.3445811
$GNGGA,235502.000,3954.50680,11620.30748,39.9097780,116.3446158
$GNGGA,235503.000,3954.51398,11620.30968,39.9098977,116.3446526
$GNGGA,235504.000,3954.52147,11620.31198,39.9100226,116.3446910
$GNGGA,235505.000,3954.52919,11620.31437,39.9101514,116.3447310
$GNGGA,235506.000,3954.53690,11620.31673,39.9102800,116.3447704
$GNGGA,235507.000,3954.54455,11620.31908,39.9104075,116.3448097
$GNGGA,235508.000,3954.55221,11620.32144,39.9105353,116.3448491
$GNGGA,235509.000,3954.56008,11620.32389,39.9106665,116.3448901
$GNGGA,235510.000,3954.56811,11620.32635,39.9108004,116.3449312
$GNGGA,235511.000,3954.57633,11620.32868,39.9109375,116.3449701
$GNGGA,235512.000,3954.58476,11620.33081,39.9110781,116.3450057
$GNGGA,235513.000,3954.59340,11620.33278,39.9112222,116.3450386
$GNGGA,235514.000,3954.60214,11620.33470,39.9113679,116.3450707
$GNGGA,235515.000,3954.61079,11620.33652,39.9115121,116.3451011
$GNGGA,235516.000,3954.61909,11620.33806,39.9116505,116.3451269
$GNGGA,235517.000,3954.62698,11620.33951,39.9117821,116.3451511
$GNGGA,235518.000,3954.63463,11620.34078,39.9119096,116.3451724
$GNGGA,235519.000,3954.64210,11620.34184,39.9120341,116.3451901
$GNGGA,235520.000,3954.64968,11620.34293,39.9121605,116.3452083
$GNGGA,235521.000,3954.65740,11620.34404,39.9122892,116.3452269
$GNGGA,235522.000,3954.66498,11620.34469,39.9124156,116.3452377
$GNGGA,235523.000,3954.67217,11620.34484,39.9125354,116.3452403
$GNGGA,235524.000,3954.67925,11620.34498,39.9126534,116.3452426
$GNGGA,235525.000,3954.68652,11620.34517,39.9127746,116.3452458
$GNGGA,235526.000,3954.69404,11620.34543,39.9129000,116.3452502
$GNGGA,235527.000,3954.70163,11620.34579,39.9130265,116.3452562
$GNGGA,235528.000,3954.70882,11620.34628,39.9131463,116.3452644
$GNGGA,235529.000,3954.71514,11620.34678,39.9132517,116.3452727
$GNGGA,235530.000,3954.72055,11620.34700,39.9133419,116.3452764
$GNGGA,235531.000,3954.72535,11620.34698,39.9134219,116.3452761
$GNGGA,235532.000,3954.72963,11620.34683,39.9134932,116.3452736
$GNGGA,235533.000,3954.73337,11620.34659,39.9135555,116.3452696
$GNGGA,235534.000,3954.73647,11620.34641,39.9136072,116.3452666
$GNGGA,235535.000,3954.73880,11620.34631,39.9136460,116.3452649
$GNGGA,235536.000,3954.74042,11620.34618,39.9136730,116.3452628
$GNGGA,235537.000,3954.74157,11620.34609,39.9136922,116.3452613
$GNGGA,235538.000,3954.74238,11620.34603,39.9137057,116.3452603
$GNGGA,235539.000,3954.74292,11620.34592,39.9137147,116.3452584
$GNGGA,235540.000,3954.74324,11620.34588,39.9137200,116.3452578
$GNGGA,235541.000,3954.74326,11620.34583,39.9137203,116.3452569
$GNGGA,235542.000,3954.74328,11620.34575,39.9137207,116.3452556
$GNGGA,235543.000,3954.74330,11620.34571,39.9137210,116.3452549
$GNGGA,235544.000,3954.74331,11620.34569,39.9137212,116.3452546
$GNGGA,235545.000,3954.74331,11620.34566,39.9137212,116.3452541
$GNGGA,235546.000,3954.74330,11620.34564,39.9137210,116.3452538
$GNGGA,235547.000,3954.74328,11620.34563,39.9137207,116.3452536
$GNGGA,235548.000,3954.74325,11620.34562,39.9137202,116.3452534
$GNGGA,235549.000,3954.74323,11620.34561,39.9137198,116.3452533
$GNGGA,235550.000,3954.74320,11620.34560,39.9137193,116.3452531
$GNGGA,235551.000,3954.74317,11620.34558,39.9137188,116.3452528
$GNGGA,235552.000,3954.74313,11620.34556,39.9137182,116.3452524
$GNGGA,235553.000,3954.74310,11620.34555,39.9137177,116.3452523
$GNGGA,235554.000,3954.74309,11620.34553,39.9137175,116.3452519
$GNGGA,235555.000,3954.74307,11620.34550,39.9137172,116.3452514
$GNGGA,235556.000,3954.74304,11620.34546,39.9137167,116.3452508
$GNGGA,235557.000,3954.74303,11620.34542,39.9137165,116.3452501
$GNGGA,235558.000,3954.74301,11620.34539,39.9137162,116.3452496
$GNGGA,235559.000,3954.74301,11620.34536,39.9137162,116.3452491
$GNGGA,235600.000,3954.74301,11620.34534,39.9137162,116.3452488
$GNGGA,235601.000,3954.74302,11620.34532,39.9137163,116.3452484
$GNGGA,235602.000,3954.74302,11620.34532,39.9137163,116.3452484
$GNGGA,235603.000,3954.74303,11620.34531,39.9137165,116.3452483
$GNGGA,235604.000,3954.74303,11620.34530,39.9137165,116.3452481
$GNGGA,235605.000,3954.74302,11620.34529,39.9137163,116.3452479
$GNGGA,235606.000,3954.74301,11620.34527,39.9137162,116.3452476
$GNGGA,235607.000,3954.74300,11620.34525,39.9137160,116.3452472
$GNGGA,235608.000,3954.74299,11620.34523,39.9137158,116.3452469
$GNGGA,235609.000,3954.74297,11620.34522,39.9137155,116.3452467
$GNGGA,235610.000,3954.74296,11620.34520,39.9137153,116.3452464
$GNGGA,235611.000,3954.74295,11620.34519,39.9137152,116.3452462
$GNGGA,235612.000,3954.74294,11620.34518,39.9137150,116.3452461
$GNGGA,235613.000,3954.74294,11620.34518,39.9137150,116.3452461
$GNGGA,235614.000,3954.74294,11620.34518,39.9137150,116.3452461
$GNGGA,235615.000,3954.74294,11620.34519,39.9137150,116.3452462
$GNGGA,235616.000,3954.74294,11620.34520,39.9137150,116.3452464
$GNGGA,235617.000,3954.74295,11620.34521,39.9137152,116.3452466
$GNGGA,235618.000,3954.74295,11620.34522,39.9137152,116.3452467
$GNGGA,235619.000,3954.74294,11620.34522,39.9137150,116.3452467
$GNGGA,235620.000,3954.74293,11620.34521,39.9137148,116.3452466
$GNGGA,235621.000,3954.74292,11620.34520,39.9137147,116.3452464
$GNGGA,235622.000,3954.74291,11620.34520,39.9137145,116.3452464
$GNGGA,235623.000,3954.74290,11620.34521,39.9137143,116.3452466
$GNGGA,235624.000,3954.74290,11620.34521,39.9137143,116.3452466
$GNGGA,235625.000,3954.74289,11620.34522,39.9137142,116.3452467
$GNGGA,235626.000,3954.74288,11620.34523,39.9137140,116.3452469
$GNGGA,235627.000,3954.74287,11620.34525,39.9137138,116.3452472
$GNGGA,235628.000,3954.74286,11620.34525,39.9137137,116.3452472
$GNGGA,235629.000,3954.74286,11620.34527,39.9137137,116.3452476
$GNGGA,235630.000,3954.74285,11620.34529,39.9137135,116.3452479
$GNGGA,235631.000,3954.74285,11620.34531,39.9137135,116.3452483
$GNGGA,235632.000,3954.74285,11620.34535,39.9137135,116.3452489
$GNGGA,235633.000,3954.74286,11620.34538,39.9137137,116.3452494
$GNGGA,235634.000,3954.74286,11620.34540,39.9137137,116.3452498
$GNGGA,235635.000,3954.74285,11620.34540,39.9137135,116.3452498
$GNGGA,235636.000,3954.74284,11620.34539,39.9137133,116.3452496
$GNGGA,235637.000,3954.74283,11620.34539,39.9137132,116.3452496
$GNGGA,235638.000,3954.74282,11620.34539,39.9137130,116.3452496
$GNGGA,235639.000,3954.74280,11620.34538,39.9137127,116.3452494
$GNGGA,235640.000,3954.74279,11620.34537,39.9137125,116.3452493
$GNGGA,235641.000,3954.74278,11620.34536,39.9137123,116.3452491
$GNGGA,235642.000,3954.74277,11620.34536,39.9137122,116.3452491
$GNGGA,235643.000,3954.74277,11620.34536,39.9137122,116.3452491
$GNGGA,235644.000,3954.74277,11620.34535,39.9137122,116.3452489
$GNGGA,235645.000,3954.74277,11620.34535,39.9137122,116.3452489
$GNGGA,235646.000,3954.74277,11620.34535,39.9137122,116.3452489
$GNGGA,235647.000,3954.74277,11620.34535,39.9137122,116.3452489
$GNGGA,235648.000,3954.74277,11620.34536,39.9137122,116.3452491
$GNGGA,235649.000,3954.74277,11620.34537,39.9137122,116.3452493
$GNGGA,235650.000,3954.74338,11620.34535,39.9137223,116.3452489
$GNGGA,235651.000,3954.74445,11620.34529,39.9137402,116.3452479
$GNGGA,235652.000,3954.74628,11620.34522,39.9137707,116.3452468
$GNGGA,235653.000,3954.74867,11620.34504,39.9138105,116.3452438
$GNGGA,235654.000,3954.75125,11620.34484,39.9138535,116.3452404
$GNGGA,235655.000,3954.75402,11620.34460,39.9138996,116.3452364
$GNGGA,235656.000,3954.75720,11620.34425,39.9139526,116.3452306
$GNGGA,235657.000,3954.76080,11620.34373,39.9140126,116.3452219
$GNGGA,235658.000,3954.76473,11620.34307,39.9140781,116.3452109
$GNGGA,235659.000,3954.76902,11620.34242,39.9141496,116.3452000
$GNGGA,235700.000,3954.77338,11620.34193,39.9142222,116.3451919
$GNGGA,235701.000,3954.77780,11620.34159,39.9142959,116.3451862
$GNGGA,235702.000,3954.78248,11620.34130,39.9143739,116.3451814
$GNGGA,235703.000,3954.78747,11620.34099,39.9144571,116.3451762
$GNGGA,235704.000,3954.79277,11620.34067,39.9145454,116.3451708
$GNGGA,235705.000,3954.79830,11620.34029,39.9146375,116.3451645
$GNGGA,235706.000,3954.80420,11620.33995,39.9147359,116.3451588
$GNGGA,235707.000,3954.81029,11620.33959,39.9148374,116.3451528
$GNGGA,235708.000,3954.81662,11620.33918,39.9149429,116.3451460
$GNGGA,235709.000,3954.82313,11620.33867,39.9150513,116.3451375
$GNGGA,235710.000,3954.82985,11620.33822,39.9151633,116.3451300
$GNGGA,235711.000,3954.83647,11620.33779,39.9152737,116.3451228
$GNGGA,235712.000,3954.84301,11620.33738,39.9153826,116.3451160
$GNGGA,235713.000,3954.84969,11620.33692,39.9154940,116.3451083
$GNGGA,235714.000,3954.85650,11620.33645,39.9156075,116.3451005
$GNGGA,235715.000,3954.86350,11620.33601,39.9157241,116.3450932
$GNGGA,235716.000,3954.87059,11620.33562,39.9158423,116.3450867
$GNGGA,235717.000,3954.87785,11620.33527,39.9159633,116.3450808
$GNGGA,235718.000,3954.88524,11620.33487,39.9160864,116.3450742
$GNGGA,235719.000,3954.89279,11620.33439,39.9162123,116.3450662
$GNGGA,235720.000,3954.90045,11620.33394,39.9163399,116.3450587
$GNGGA,235721.000,3954.90829,11620.33344,39.9164706,116.3450503
$GNGGA,235722.000,3954.91602,11620.33288,39.9165994,116.3450410
$GNGGA,235723.000,3954.92360,11620.33241,39.9167257,116.3450331
$GNGGA,235724.000,3954.93120,11620.33201,39.9168524,116.3450265
$GNGGA,235725.000,3954.93864,11620.33150,39.9169764,116.3450180
$GNGGA,235726.000,3954.94583,11620.33102,39.9170962,116.3450100
$GNGGA,235727.000,3954.95249,11620.33061,39.9172072,116.3450031
$GNGGA,235728.000,3954.95861,11620.33022,39.9173092,116.3449966
$GNGGA,235729.000,3954.96450,11620.32977,39.9174073,116.3449891
$GNGGA,235730.000,3954.97018,11620.32906,39.9175020,116.3449773
$GNGGA,235731.000,3954.97551,11620.32812,39.9175908,116.3449616
$GNGGA,235732.000,3954.98046,11620.32728,39.9176733,116.3449476
$GNGGA,235733.000,3954.98501,11620.32683,39.9177491,116.3449401
$GNGGA,235734.000,3954.98913,11620.32667,39.9178178,116.3449374
$GNGGA,235735.000,3954.99268,11620.32659,39.9178769,116.3449361
$GNGGA,235736.000,3954.99546,11620.32646,39.9179232,116.3449339
$GNGGA,235737.000,3954.99747,11620.32640,39.9179567,116.3449329
$GNGGA,235738.000,3954.99882,11620.32635,39.9179792,116.3449321
$GNGGA,235739.000,3954.99974,11620.32632,39.9179946,116.3449316
$GNGGA,235740.000,3955.00025,11620.32634,39.9180031,116.3449319
$GNGGA,235741.000,3955.00029,11620.32639,39.9180037,116.3449327
$GNGGA,235742.000,3955.00032,11620.32643,39.9180043,116.3449334
$GNGGA,235743.000,3955.00035,11620.32647,39.9180048,116.3449341
$GNGGA,235744.000,3955.00037,11620.32648,39.9180051,116.3449343
$GNGGA,235745.000,3955.00038,11620.32649,39.9180053,116.3449344
$GNGGA,235746.000,3955.00039,11620.32650,39.9180054,116.3449346
$GNGGA,235747.000,3955.00040,11620.32651,39.9180056,116.3449348
$GNGGA,235748.000,3955.00040,11620.32651,39.9180056,116.3449348
$GNGGA,235749.000,3955.00039,11620.32653,39.9180054,116.3449351
$GNGGA,235750.000,3955.00039,11620.32656,39.9180054,116.3449356
$GNGGA,235751.000,3955.00038,11620.32657,39.9180053,116.3449358
$GNGGA,235752.000,3955.00038,11620.32659,39.9180053,116.3449361
$GNGGA,235753.000,3955.00038,11620.32659,39.9180053,116.3449361
$GNGGA,235754.000,3955.00039,11620.32661,39.9180054,116.3449364
$GNGGA,235755.000,3955.00039,11620.32664,39.9180054,116.3449369
$GNGGA,235756.000,3955.00040,11620.32667,39.9180056,116.3449374
$GNGGA,235757.000,3955.00041,11620.32669,39.9180058,116.3449378
$GNGGA,235758.000,3955.00041,11620.32670,39.9180058,116.3449379
$GNGGA,235759.000,3955.00041,11620.32672,39.9180058,116.3449383
$GNGGA,235800.000,3955.00042,11620.32675,39.9180059,116.3449388
$GNGGA,235801.000,3955.00043,11620.32678,39.9180061,116.3449393
$GNGGA,235802.000,3955.00044,11620.32681,39.9180063,116.3449398
$GNGGA,235803.000,3955.00045,11620.32683,39.9180064,116.3449401
$GNGGA,235804.000,3955.00045,11620.32686,39.9180064,116.3449406
$GNGGA,235805.000,3955.00045,11620.32689,39.9180064,116.3449411
$GNGGA,235806.000,3955.00045,11620.32691,39.9180064,116.3449414
$GNGGA,235807.000,3955.00045,11620.32693,39.9180064,116.3449418
$GNGGA,235808.000,3955.00045,11620.32696,39.9180064,116.3449423
$GNGGA,235809.000,3955.00045,11620.32698,39.9180064,116.3449426
$GNGGA,235810.000,3955.00045,11620.32700,39.9180064,116.3449429
$GNGGA,235811.000,3955.00045,11620.32702,39.9180064,116.3449433
$GNGGA,235812.000,3955.00045,11620.32705,39.9180064,116.3449438
$GNGGA,235813.000,3955.00045,11620.32706,39.9180064,116.3449439
$GNGGA,235814.000,3955.00044,11620.32707,39.9180063,116.3449441
$GNGGA,235815.000,3955.00044,11620.32706,39.9180063,116.3449439
$GNGGA,235816.000,3955.00043,11620.32705,39.9180061,116.3449438
$GNGGA,235817.000,3955.00067,11620.32703,39.9180101,116.3449434
$GNGGA,235818.000,3955.00122,11620.32699,39.9180193,116.3449428
$GNGGA,235819.000,3955.00220,11620.32692,39.9180356,116.3449416
$GNGGA,235820.000,3955.00359,11620.32682,39.9180588,116.3449399
$GNGGA,235821.000,3955.00540,11620.32672,39.9180889,116.3449383
$GNGGA,235822.000,3955.00763,11620.32656,39.9181261,116.3449356
$GNGGA,235823.000,3955.01033,11620.32633,39.9181711,116.3449318
$GNGGA,235824.000,3955.01352,11620.32606,39.9182242,116.3449273
$GNGGA,235825.000,3955.01705,11620.32573,39.9182831,116.3449218
$GNGGA,235826.000,3955.02064,11620.32545,39.9183429,116.3449171
$GNGGA,235827.000,3955.02451,11620.32517,39.9184074,116.3449124
$GNGGA,235828.000,3955.02882,11620.32487,39.9184792,116.3449074
$GNGGA,235829.000,3955.03356,11620.32452,39.9185582,116.3449016
$GNGGA,235830.000,3955.03873,11620.32409,39.9186444,116.3448944
$GNGGA,235831.000,3955.04431,11620.32368,39.9187374,116.3448876
$GNGGA,235832.000,3955.05027,11620.32332,39.9188367,116.3448816
$GNGGA,235833.000,3955.05657,11620.32289,39.9189417,116.3448744
$GNGGA,235834.000,3955.06318,11620.32234,39.9190518,116.3448652
$GNGGA,235835.000,3955.07013,11620.32169,39.9191677,116.3448544
$GNGGA,235836.000,3955.07713,11620.32099,39.9192843,116.3448427
$GNGGA,235837.000,3955.08401,11620.32028,39.9193990,116.3448309
$GNGGA,235838.000,3955.09090,11620.31963,39.9195138,116.3448200
$GNGGA,235839.000,3955.09788,11620.31905,39.9196301,116.3448103
$GNGGA,235840.000,3955.10500,11620.31859,39.9197487,116.3448027
$GNGGA,235841.000,3955.11224,11620.31817,39.9198694,116.3447957
$GNGGA,235842.000,3955.11963,11620.31774,39.9199926,116.3447885
$GNGGA,235843.000,3955.12720,11620.31723,39.9201187,116.3447800
$GNGGA,235844.000,3955.13487,11620.31668,39.9202465,116.3447708
$GNGGA,235845.000,3955.14269,11620.31611,39.9203769,116.3447613
$GNGGA,235846.000,3955.15063,11620.31559,39.9205092,116.3447527
$GNGGA,235847.000,3955.15872,11620.31513,39.9206440,116.3447450
$GNGGA,235848.000,3955.16695,11620.31478,39.9207812,116.3447392
$GNGGA,235849.000,3955.17532,11620.31460,39.9209207,116.3447362
$GNGGA,235850.000,3955.18382,11620.31449,39.9210623,116.3447344
$GNGGA,235851.000,3955.19240,11620.31435,39.9212053,116.3447320
$GNGGA,235852.000,3955.20085,11620.31418,39.9213462,116.3447292
$GNGGA,235853.000,3955.20921,11620.31396,39.9214855,116.3447256
$GNGGA,235854.000,3955.21764,11620.31364,39.9216260,116.3447202
$GNGGA,235855.000,3955.22615,11620.31323,39.9217678,116.3447134
$GNGGA,235856.000,3955.23474,11620.31278,39.9219110,116.3447059
$GNGGA,235857.000,3955.24321,11620.31240,39.9220521,116.3446996
$GNGGA,235858.000,3955.25143,11620.31206,39.9221891,116.3446939
$GNGGA,235859.000,3955.25922,11620.31180,39.9223190,116.3446896
$GNGGA,235900.000,3955.26640,11620.31172,39.9224386,116.3446883
$GNGGA,235901.000,3955.27328,11620.31190,39.9225533,116.3446913
$GNGGA,235902.000,3955.27973,11620.31184,39.9226608,116.3446903
$GNGGA,235903.000,3955.28549,11620.31154,39.9227568,116.3446853
$GNGGA,235904.000,3955.29084,11620.31122,39.9228460,116.3446800
$GNGGA,235905.000,3955.29613,11620.31093,39.9229341,116.3446751
$GNGGA,235906.000,3955.30122,11620.31042,39.9230190,116.3446666
$GNGGA,235907.000,3955.30618,11620.30969,39.9231016,116.3446544
$GNGGA,235908.000,3955.31109,11620.30883,39.9231834,116.3446401
$GNGGA,235909.000,3955.31601,11620.30782,39.9232654,116.3446232
$GNGGA,235910.000,3955.32100,11620.30655,39.9233485,116.3446020
$GNGGA,235911.000,3955.32620,11620.30526,39.9234351,116.3445805
$GNGGA,235912.000,3955.33169,11620.30407,39.9235266,116.3445606
$GNGGA,235913.000,3955.33749,11620.30292,39.9236233,116.3445414
$GNGGA,235914.000,3955.34366,11620.30179,39.9237261,116.3445225
$GNGGA,235915.000,3955.35013,11620.30088,39.9238339,116.3445074
$GNGGA,235916.000,3955.35681,11620.30020,39.9239452,116.3444960
$GNGGA,235917.000,3955.36394,11620.29949,39.9240640,116.3444842
$GNGGA,235918.000,3955.37119,11620.29871,39.9241848,116.3444712
$GNGGA,235919.000,3955.37841,11620.29791,39.9243051,116.3444578
$GNGGA,235920.000,3955.38558,11620.29709,39.9244246,116.3444441
$GNGGA,235921.000,3955.39283,11620.29620,39.9245454,116.3444293
$GNGGA,235922.000,3955.40016,11620.29529,39.9246676,116.3444141
$GNGGA,235923.000,3955.40752,11620.29403,39.9247902,116.3443931
$GNGGA,235924.000,3955.41510,11620.29241,39.9249165,116.3443660
$GNGGA,235925.000,3955.42281,11620.29089,39.9250449,116.3443406
$GNGGA,235926.000,3955.43076,11620.28980,39.9251774,116.3443224
$GNGGA,235927.000,3955.43898,11620.28885,39.9253144,116.3443066
$GNGGA,235928.000,3955.44740,11620.28775,39.9254547,116.3442882
$GNGGA,235929.000,3955.45601,11620.28668,39.9255982,116.3442704
$GNGGA,235930.000,3955.46484,11620.28568,39.9257453,116.3442537
$GNGGA,235931.000,3955.47387,11620.28472,39.9258958,116.3442377
$GNGGA,235932.000,3955.48308,11620.28367,39.9260492,116.3442202
$GNGGA,235933.000,3955.49241,11620.28253,39.9262047,116.3442011
$GNGGA,235934.000,3955.50186,11620.28141,39.9263622,116.3441824
$GNGGA,235935.000,3955.51136,11620.28035,39.9265205,116.3441648
$GNGGA,235936.000,3955.52064,11620.27931,39.9266751,116.3441474
$GNGGA,235937.000,3955.52926,11620.27839,39.9268188,116.3441321
$GNGGA,235938.000,3955.53730,11620.27760,39.9269528,116.3441189
$GNGGA,235939.000,3955.54506,11620.27672,39.9270821,116.3441042
$GNGGA,235940.000,3955.55256,11620.27572,39.9272070,116.3440875
$GNGGA,235941.000,3955.55971,11620.27483,39.9273262,116.3440727
$GNGGA,235942.000,3955.56637,11620.27412,39.9274372,116.3440608
$GNGGA,235943.000,3955.57253,11620.27352,39.9275398,116.3440508
$GNGGA,235944.000,3955.57806,11620.27293,39.9276320,116.3440410
$GNGGA,235945.000,3955.58256,11620.27242,39.9277070,116.3440324
$GNGGA,235946.000,3955.58622,11620.27199,39.9277680,116.3440253
$GNGGA,235947.000,3955.58933,11620.27161,39.9278198,116.3440189
$GNGGA,235948.000,3955.59182,11620.27129,39.9278613,116.3440136
$GNGGA,235949.000,3955.59370,11620.27103,39.9278926,116.3440092
$GNGGA,235950.000,3955.59472,11620.27089,39.9279096,116.3440069
$GNGGA,235951.000,3955.59495,11620.27083,39.9279134,116.3440059
$GNGGA,235952.000,3955.59497,11620.27079,39.9279138,116.3440052
$GNGGA,235953.000,3955.59498,11620.27078,39.9279139,116.3440051
$GNGGA,235954.000,3955.59500,11620.27074,39.9279143,116.3440044
$GNGGA,235955.000,3955.59505,11620.27073,39.9279151,116.3440042
$GNGGA,235956.000,3955.59510,11620.27076,39.9279159,116.3440047
$GNGGA,235957.000,3955.59514,11620.27080,39.9279166,116.3440054
$GNGGA,235958.000,3955.59515,11620.27084,39.9279168,116.3440061
$GNGGA,235959.000,3955.59516,11620.27088,39.9279169,116.3440067
$GNGGA,000000.000,3955.59516,11620.27092,39.9279169,116.3440074
$GNGGA,000001.000,3955.59516,11620.27096,39.9279169,116.3440081
$GNGGA,000002.000,3955.59517,11620.27099,39.9279171,116.3440086
$GNGGA,000003.000,3955.59518,11620.27101,39.9279173,116.3440089
$GNGGA,000004.000,3955.59582,11620.27093,39.9279279,116.3440076
$GNGGA,000005.000,3955.59708,11620.27080,39.9279489,116.3440054
$GNGGA,000006.000,3955.59911,11620.27057,39.9279827,116.3440016
$GNGGA,000007.000,3955.60144,11620.27028,39.9280216,116.3439967
$GNGGA,000008.000,3955.60388,11620.26998,39.9280622,116.3439917
$GNGGA,000009.000,3955.60675,11620.26966,39.9281101,116.3439864
$GNGGA,000010.000,3955.61004,11620.26934,39.9281649,116.3439811
$GNGGA,000011.000,3955.61393,11620.26905,39.9282297,116.3439762
$GNGGA,000012.000,3955.61812,11620.26877,39.9282995,116.3439715
$GNGGA,000013.000,3955.62239,11620.26853,39.9283707,116.3439675
$GNGGA,000014.000,3955.62698,11620.26844,39.9284472,116.3439661
$GNGGA,000015.000,3955.63197,11620.26847,39.9285304,116.3439666
$GNGGA,000016.000,3955.63729,11620.26853,39.9286190,116.3439676
$GNGGA,000017.000,3955.64295,11620.26850,39.9287134,116.3439671
$GNGGA,000018.000,3955.64864,11620.26841,39.9288082,116.3439656
$GNGGA,000019.000,3955.65419,11620.26834,39.9289007,116.3439644
$GNGGA,000020.000,3955.65915,11620.26836,39.9289834,116.3439648
$GNGGA,000021.000,3955.66369,11620.26846,39.9290591,116.3439665
$GNGGA,000022.000,3955.66827,11620.26866,39.9291354,116.3439698
$GNGGA,000023.000,3955.67313,11620.26878,39.9292164,116.3439718
$GNGGA,000024.000,3955.67820,11620.26877,39.9293009,116.3439717
$GNGGA,000025.000,3955.68354,11620.26870,39.9293899,116.3439705
$GNGGA,000026.000,3955.68907,11620.26862,39.9294821,116.3439692
$GNGGA,000027.000,3955.69488,11620.26865,39.9295789,116.3439697
$GNGGA,000028.000,3955.70100,11620.26878,39.9296809,116.3439719
$GNGGA,000029.000,3955.70738,11620.26886,39.9297873,116.3439732
$GNGGA,000030.000,3955.71401,11620.26892,39.9298978,116.3439743
$GNGGA,000031.000,3955.72090,11620.26908,39.9300126,116.3439769
$GNGGA,000032.000,3955.72801,11620.26931,39.9301311,116.3439808
$GNGGA,000033.000,3955.73537,11620.26948,39.9302538,116.3439837
$GNGGA,000034.000,3955.74299,11620.26949,39.9303808,116.3439838
$GNGGA,000035.000,3955.75084,11620.26951,39.9305117,116.3439842
$GNGGA,000036.000,3955.75891,11620.26958,39.9306462,116.3439854
$GNGGA,000037.000,3955.76714,11620.26969,39.9307833,116.3439872
$GNGGA,000038.000,3955.77530,11620.26985,39.9309193,116.3439899
$GNGGA,000039.000,3955.78333,11620.27005,39.9310532,116.3439933
$GNGGA,000040.000,3955.79123,11620.27037,39.9311849,116.3439986
$GNGGA,000041.000,3955.79899,11620.27094,39.9313142,116.3440082
$GNGGA,000042.000,3955.80662,11620.27166,39.9314414,116.3440202
$GNGGA,000043.000,3955.81412,11620.27235,39.9315665,116.3440318
$GNGGA,000044.000,3955.82151,11620.27289,39.9316896,116.3440408
$GNGGA,000045.000,3955.82891,11620.27326,39.9318130,116.3440470
$GNGGA,000046.000,3955.83638,11620.27345,39.9319375,116.3440502
$GNGGA,000047.000,3955.84390,11620.27360,39.9320628,116.3440527
$GNGGA,000048.000,3955.85150,11620.27385,39.9321895,116.3440569
$GNGGA,000049.000,3955.85914,11620.27420,39.9323169,116.3440628
$GNGGA,000050.000,3955.86692,11620.27456,39.9324466,116.3440688
$GNGGA,000051.000,3955.87484,11620.27487,39.9325786,116.3440740
$GNGGA,000052.000,3955.88291,11620.27510,39.9327131,116.3440778
$GNGGA,000053.000,3955.89116,11620.27528,39.9328506,116.3440809
