$GNGGA,000240.000,3955.88703,11620.25853,39.9327812,116.3438011
$GNGGA,000241.000,3955.88703,11620.25853,39.9327812,116.3438011
$GNGGA,000242.000,3955.88703,11620.25853,39.9327812,116.3438011
$GNGGA,000243.000,3955.88703,11620.25854,39.9327812,116.3438012
$GNGGA,000244.000,3955.88704,11620.25854,39.9327814,116.3438012
$GNGGA,000245.000,3955.88704,11620.25854,39.9327814,116.3438012
$GNGGA,000246.000,3955.88705,11620.25855,39.9327816,116.3438014
$GNGGA,000247.000,3955.88705,11620.25856,39.9327816,116.3438016
$GNGGA,000248.000,3955.88706,11620.25857,39.9327817,116.3438017
$GNGGA,000249.000,3955.88706,11620.25858,39.9327817,116.3438019
$GNGGA,000250.000,3955.88706,11620.25859,39.9327817,116.3438021
$GNGGA,000251.000,3955.88706,11620.25859,39.9327817,116.3438021
$GNGGA,000252.000,3955.88705,11620.25859,39.9327816,116.3438021
$GNGGA,000253.000,3955.88705,11620.25858,39.9327816,116.3438019
$GNGGA,000254.000,3955.88705,11620.25857,39.9327816,116.3438017
$GNGGA,000255.000,3955.88706,11620.25856,39.9327817,116.3438016
$GNGGA,000256.000,3955.88707,11620.25856,39.9327819,116.3438016
$GNGGA,000257.000,3955.88707,11620.25855,39.9327819,116.3438014
$GNGGA,000258.000,3955.88708,11620.25855,39.9327821,116.3438014
$GNGGA,000259.000,3955.88708,11620.25854,39.9327821,116.3438012
$GNGGA,000300.000,3955.88708,11620.25854,39.9327821,116.3438012
$GNGGA,000301.000,3955.88709,11620.25855,39.9327822,116.3438014
$GNGGA,000302.000,3955.88709,11620.25855,39.9327822,116.3438014
$GNGGA,000303.000,3955.88709,11620.25855,39.9327822,116.3438014
$GNGGA,000304.000,3955.88709,11620.25855,39.9327822,116.3438014
$GNGGA,000305.000,3955.88710,11620.25856,39.9327824,116.3438016
$GNGGA,000306.000,3955.88710,11620.25856,39.9327824,116.3438016
$GNGGA,000307.000,3955.88711,11620.25855,39.9327826,116.3438014
$GNGGA,000308.000,3955.88711,11620.25855,39.9327826,116.3438014
$GNGGA,000309.000,3955.88711,11620.25855,39.9327826,116.3438014
$GNGGA,000310.000,3955.88711,11620.25855,39.9327826,116.3438014
$GNGGA,000311.000,3955.88711,11620.25855,39.9327826,116.3438014
$GNGGA,000312.000,3955.88712,11620.25856,39.9327827,116.3438016
$GNGGA,000313.000,3955.88711,11620.25856,39.9327826,116.3438016
$GNGGA,000314.000,3955.88711,11620.25857,39.9327826,116.3438017
$GNGGA,000315.000,3955.88711,11620.25858,39.9327826,116.3438019
$GNGGA,000316.000,3955.88711,11620.25858,39.9327826,116.3438019
$GNGGA,000317.000,3955.88686,11620.25858,39.9327784,116.3438019
$GNGGA,000318.000,3955.88661,11620.25857,39.9327742,116.3438017
$GNGGA,000319.000,3955.88661,11620.25858,39.9327742,116.3438019
$GNGGA,000320.000,3955.88660,11620.25860,39.9327741,116.3438022
$GNGGA,000321.000,3955.88658,11620.25864,39.9327737,116.3438029
$GNGGA,000322.000,3955.88541,11620.25869,39.9327542,116.3438037
$GNGGA,000323.000,3955.88404,11620.25870,39.9327314,116.3438039
$GNGGA,000324.000,3955.88253,11620.25883,39.9327062,116.3438061
$GNGGA,000325.000,3955.88059,11620.25921,39.9326739,116.3438124
$GNGGA,000326.000,3955.87805,11620.25993,39.9326316,116.3438244
$GNGGA,000327.000,3955.87503,11620.26077,39.9325813,116.3438385
$GNGGA,000328.000,3955.87136,11620.26149,39.9325201,116.3438505
$GNGGA,000329.000,3955.86690,11620.26179,39.9324458,116.3438555
$GNGGA,000330.000,3955.86211,11620.26162,39.9323660,116.3438526
$GNGGA,000331.000,3955.85732,11620.26167,39.9322861,116.3438534
$GNGGA,000332.000,3955.85240,11620.26211,39.9322042,116.3438608
$GNGGA,000333.000,3955.84709,11620.26284,39.9321157,116.3438730
$GNGGA,000334.000,3955.84135,11620.26352,39.9320200,116.3438843
$GNGGA,000335.000,3955.83525,11620.26398,39.9319184,116.3438920
$GNGGA,000336.000,3955.82918,11620.26419,39.9318172,116.3438955
$GNGGA,000337.000,3955.82307,11620.26438,39.9317154,116.3438986
$GNGGA,000338.000,3955.81679,11620.26454,39.9316107,116.3439013
$GNGGA,000339.000,3955.81033,11620.26458,39.9315030,116.3439020
$GNGGA,000340.000,3955.80366,11620.26455,39.9313919,116.3439014
$GNGGA,000341.000,3955.79683,11620.26445,39.9312780,116.3438998
$GNGGA,000342.000,3955.78978,11620.26434,39.9311605,116.3438979
$GNGGA,000343.000,3955.78249,11620.26428,39.9310390,116.3438969
$GNGGA,000344.000,3955.77518,11620.26420,39.9309172,116.3438955
$GNGGA,000345.000,3955.76795,11620.26420,39.9307967,116.3438955
$GNGGA,000346.000,3955.76066,11620.26424,39.9306752,116.3438962
$GNGGA,000347.000,3955.75325,11620.26419,39.9305517,116.3438953
$GNGGA,000348.000,3955.74568,11620.26416,39.9304255,116.3438948
$GNGGA,000349.000,3955.73797,11620.26416,39.9302970,116.3438948
$GNGGA,000350.000,3955.73033,11620.26407,39.9301696,116.3438933
$GNGGA,000351.000,3955.72283,11620.26401,39.9300446,116.3438923
$GNGGA,000352.000,3955.71550,11620.26397,39.9299225,116.3438916
$GNGGA,000353.000,3955.70838,11620.26388,39.9298038,116.3438901
$GNGGA,000354.000,3955.70141,11620.26382,39.9296876,116.3438890
$GNGGA,000355.000,3955.69467,11620.26376,39.9295753,116.3438880
$GNGGA,000356.000,3955.68823,11620.26373,39.9294679,116.3438875
$GNGGA,000357.000,3955.68210,11620.26372,39.9293658,116.3438873
$GNGGA,000358.000,3955.67636,11620.26366,39.9292701,116.3438863
$GNGGA,000359.000,3955.67079,11620.26359,39.9291772,116.3438851
$GNGGA,000400.000,3955.66539,11620.26349,39.9290872,116.3438834
$GNGGA,000401.000,3955.66014,11620.26336,39.9289997,116.3438813
$GNGGA,000402.000,3955.65534,11620.26323,39.9289197,116.3438791
$GNGGA,000403.000,3955.65138,11620.26314,39.9288537,116.3438776
$GNGGA,000404.000,3955.64823,11620.26306,39.9288012,116.3438762
$GNGGA,000405.000,3955.64523,11620.26297,39.9287512,116.3438747
$GNGGA,000406.000,3955.64225,11620.26291,39.9287015,116.3438737
$GNGGA,000407.000,3955.63965,11620.26284,39.9286582,116.3438725
$GNGGA,000408.000,3955.63751,11620.26276,39.9286225,116.3438712
$GNGGA,000409.000,3955.63567,11620.26270,39.9285919,116.3438702
$GNGGA,000410.000,3955.63421,11620.26268,39.9285675,116.3438699
$GNGGA,000411.000,3955.63294,11620.26266,39.9285464,116.3438695
$GNGGA,000412.000,3955.63147,11620.26266,39.9285219,116.3438695
$GNGGA,000413.000,3955.62955,11620.26264,39.9284899,116.3438692
$GNGGA,000414.000,3955.62710,11620.26262,39.9284490,116.3438688
$GNGGA,000415.000,3955.62405,11620.26266,39.9283982,116.3438695
$GNGGA,000416.000,3955.62044,11620.26270,39.9283380,116.3438702
$GNGGA,000417.000,3955.61627,11620.26261,39.9282685,116.3438686
$GNGGA,000418.000,3955.61179,11620.26250,39.9281938,116.3438668
$GNGGA,000419.000,3955.60731,11620.26249,39.9281192,116.3438666
$GNGGA,000420.000,3955.60264,11620.26259,39.9280413,116.3438683
$GNGGA,000421.000,3955.59764,11620.26286,39.9279580,116.3438728
$GNGGA,000422.000,3955.59231,11620.26340,39.9278692,116.3438818
$GNGGA,000423.000,3955.58670,11620.26412,39.9277757,116.3438938
$GNGGA,000424.000,3955.58077,11620.26489,39.9276769,116.3439067
$GNGGA,000425.000,3955.57450,11620.26564,39.9275724,116.3439192
$GNGGA,000426.000,3955.56791,11620.26641,39.9274626,116.3439320
$GNGGA,000427.000,3955.56100,11620.26723,39.9273475,116.3439457
$GNGGA,000428.000,3955.55398,11620.26810,39.9272305,116.3439602
$GNGGA,000429.000,3955.54706,11620.26894,39.9271152,116.3439742
$GNGGA,000430.000,3955.54017,11620.26975,39.9270003,116.3439878
$GNGGA,000431.000,3955.53322,11620.27054,39.9268845,116.3440009
$GNGGA,000432.000,3955.52613,11620.27135,39.9267664,116.3440145
$GNGGA,000433.000,3955.51893,11620.27222,39.9266464,116.3440290
$GNGGA,000434.000,3955.51162,11620.27317,39.9265246,116.3440448
$GNGGA,000435.000,3955.50415,11620.27419,39.9264001,116.3440618
$GNGGA,000436.000,3955.49653,11620.27515,39.9262732,116.3440779
$GNGGA,000437.000,3955.48872,11620.27604,39.9261430,116.3440927
$GNGGA,000438.000,3955.48076,11620.27689,39.9260104,116.3441069
$GNGGA,000439.000,3955.47265,11620.27775,39.9258752,116.3441212
$GNGGA,000440.000,3955.46445,11620.27862,39.9257386,116.3441358
$GNGGA,000441.000,3955.45634,11620.27952,39.9256034,116.3441508
$GNGGA,000442.000,3955.44837,11620.28044,39.9254706,116.3441661
$GNGGA,000443.000,3955.44045,11620.28131,39.9253386,116.3441806
$GNGGA,000444.000,3955.43247,11620.28199,39.9252057,116.3441920
$GNGGA,000445.000,3955.42436,11620.28242,39.9250705,116.3441992
$GNGGA,000446.000,3955.41616,11620.28273,39.9249338,116.3442043
$GNGGA,000447.000,3955.40790,11620.28323,39.9247962,116.3442127
$GNGGA,000448.000,3955.39991,11620.28399,39.9246630,116.3442253
$GNGGA,000449.000,3955.39211,11620.28475,39.9245331,116.3442380
$GNGGA,000450.000,3955.38483,11620.28520,39.9244117,116.3442455
$GNGGA,000451.000,3955.37800,11620.28538,39.9242979,116.3442485
$GNGGA,000452.000,3955.37159,11620.28549,39.9241911,116.3442503
$GNGGA,000453.000,3955.36583,11620.28580,39.9240951,116.3442555
$GNGGA,000454.000,3955.36069,11620.28630,39.9240094,116.3442638
$GNGGA,000455.000,3955.35613,11620.28678,39.9239334,116.3442718
$GNGGA,000456.000,3955.35205,11620.28723,39.9238654,116.3442793
$GNGGA,000457.000,3955.34843,11620.28763,39.9238051,116.3442860
$GNGGA,000458.000,3955.34537,11620.28795,39.9237541,116.3442914
$GNGGA,000459.000,3955.34281,11620.28819,39.9237115,116.3442954
$GNGGA,000500.000,3955.34085,11620.28838,39.9236788,116.3442985
$GNGGA,000501.000,3955.33952,11620.28850,39.9236566,116.3443005
$GNGGA,000502.000,3955.33865,11620.28859,39.9236421,116.3443020
$GNGGA,000503.000,3955.33805,11620.28868,39.9236321,116.3443035
$GNGGA,000504.000,3955.33767,11620.28871,39.9236258,116.3443040
$GNGGA,000505.000,3955.33767,11620.28868,39.9236258,116.3443035
$GNGGA,000506.000,3955.33768,11620.28863,39.9236260,116.3443027
$GNGGA,000507.000,3955.33769,11620.28862,39.9236261,116.3443025
$GNGGA,000508.000,3955.33770,11620.28861,39.9236263,116.3443024
$GNGGA,000509.000,3955.33771,11620.28860,39.9236265,116.3443022
$GNGGA,000510.000,3955.33772,11620.28859,39.9236266,116.3443020
$GNGGA,000511.000,3955.33773,11620.28858,39.9236268,116.3443019
$GNGGA,000512.000,3955.33775,11620.28857,39.9236271,116.3443017
$GNGGA,000513.000,3955.33778,11620.28854,39.9236276,116.3443012
$GNGGA,000514.000,3955.33779,11620.28851,39.9236278,116.3443007
$GNGGA,000515.000,3955.33782,11620.28848,39.9236283,116.3443002
$GNGGA,000516.000,3955.33782,11620.28845,39.9236283,116.3442997
$GNGGA,000517.000,3955.33782,11620.28845,39.9236283,116.3442997
$GNGGA,000518.000,3955.33783,11620.28844,39.9236285,116.3442995
$GNGGA,000519.000,3955.33784,11620.28844,39.9236286,116.3442995
$GNGGA,000520.000,3955.33786,11620.28844,39.9236290,116.3442995
$GNGGA,000521.000,3955.33788,11620.28843,39.9236293,116.3442994
$GNGGA,000522.000,3955.33790,11620.28842,39.9236296,116.3442992
$GNGGA,000523.000,3955.33792,11620.28841,39.9236300,116.3442990
$GNGGA,000524.000,3955.33793,11620.28839,39.9236301,116.3442987
$GNGGA,000525.000,3955.33795,11620.28838,39.9236305,116.3442985
$GNGGA,000526.000,3955.33797,11620.28836,39.9236308,116.3442982
$GNGGA,000527.000,3955.33799,11620.28833,39.9236311,116.3442977
$GNGGA,000528.000,3955.33800,11620.28829,39.9236313,116.3442970
$GNGGA,000529.000,3955.33802,11620.28826,39.9236316,116.3442965
$GNGGA,000530.000,3955.33803,11620.28823,39.9236318,116.3442960
$GNGGA,000531.000,3955.33804,11620.28822,39.9236320,116.3442959
$GNGGA,000532.000,3955.33804,11620.28820,39.9236320,116.3442955
$GNGGA,000533.000,3955.33803,11620.28818,39.9236318,116.3442952
$GNGGA,000534.000,3955.33802,11620.28815,39.9236316,116.3442947
$GNGGA,000535.000,3955.33802,11620.28812,39.9236316,116.3442942
$GNGGA,000536.000,3955.33801,11620.28810,39.9236315,116.3442939
$GNGGA,000537.000,3955.33801,11620.28808,39.9236315,116.3442935
$GNGGA,000538.000,3955.33801,11620.28806,39.9236315,116.3442932
$GNGGA,000539.000,3955.33802,11620.28804,39.9236316,116.3442929
$GNGGA,000540.000,3955.33801,11620.28803,39.9236315,116.3442927
$GNGGA,000541.000,3955.33801,11620.28800,39.9236314,116.3442922
$GNGGA,000542.000,3955.33802,11620.28798,39.9236316,116.3442918
$GNGGA,000543.000,3955.33750,11620.28801,39.9236229,116.3442923
$GNGGA,000544.000,3955.33644,11620.28808,39.9236053,116.3442935
$GNGGA,000545.000,3955.33479,11620.28825,39.9235778,116.3442964
$GNGGA,000546.000,3955.33258,11620.28861,39.9235410,116.3443024
$GNGGA,000547.000,3955.33008,11620.28906,39.9234993,116.3443099
$GNGGA,000548.000,3955.32765,11620.28958,39.9234588,116.3443186
$GNGGA,000549.000,3955.32514,11620.29007,39.9234170,116.3443267
$GNGGA,000550.000,3955.32238,11620.29073,39.9233710,116.3443378
$GNGGA,000551.000,3955.31924,11620.29167,39.9233187,116.3443534
$GNGGA,000552.000,3955.31581,11620.29284,39.9232616,116.3443730
$GNGGA,000553.000,3955.31237,11620.29395,39.9232043,116.3443915
$GNGGA,000554.000,3955.30885,11620.29506,39.9231457,116.3444101
$GNGGA,000555.000,3955.30506,11620.29630,39.9230825,116.3444308
$GNGGA,000556.000,3955.30100,11620.29753,39.9230149,116.3444513
$GNGGA,000557.000,3955.29664,11620.29868,39.9229423,116.3444705
$GNGGA,000558.000,3955.29195,11620.29965,39.9228641,116.3444867
$GNGGA,000559.000,3955.28687,11620.30044,39.9227795,116.3444999
$GNGGA,000600.000,3955.28149,11620.30109,39.9226898,116.3445107
$GNGGA,000601.000,3955.27582,11620.30167,39.9225953,116.3445204
$GNGGA,000602.000,3955.27016,11620.30214,39.9225010,116.3445282
$GNGGA,000603.000,3955.26445,11620.30263,39.9224059,116.3445364
$GNGGA,000604.000,3955.25864,11620.30318,39.9223090,116.3445456
$GNGGA,000605.000,3955.25270,11620.30390,39.9222101,116.3445576
$GNGGA,000606.000,3955.24654,11620.30473,39.9221074,116.3445715
$GNGGA,000607.000,3955.24018,11620.30530,39.9220014,116.3445810
$GNGGA,000608.000,3955.23359,11620.30558,39.9218916,116.3445856
$GNGGA,000609.000,3955.22679,11620.30579,39.9217783,116.3445891
$GNGGA,000610.000,3955.21996,11620.30599,39.9216644,116.3445924
$GNGGA,000611.000,3955.21313,11620.30630,39.9215506,116.3445976
$GNGGA,000612.000,3955.20627,11620.30685,39.9214363,116.3446068
$GNGGA,000613.000,3955.19930,11620.30784,39.9213201,116.3446233
$GNGGA,000614.000,3955.19214,11620.30905,39.9212008,116.3446435
$GNGGA,000615.000,3955.18484,11620.30999,39.9210792,116.3446592
$GNGGA,000616.000,3955.17733,11620.31078,39.9209541,116.3446724
$GNGGA,000617.000,3955.16961,11620.31138,39.9208254,116.3446824
$GNGGA,000618.000,3955.16170,11620.31186,39.9206936,116.3446904
$GNGGA,000619.000,3955.15361,11620.31240,39.9205588,116.3446994
$GNGGA,000620.000,3955.14533,11620.31296,39.9204208,116.3447087
$GNGGA,000621.000,3955.13685,11620.31344,39.9202794,116.3447167
$GNGGA,000622.000,3955.12818,11620.31393,39.9201349,116.3447249
$GNGGA,000623.000,3955.11938,11620.31451,39.9199883,116.3447346
$GNGGA,000624.000,3955.11058,11620.31510,39.9198416,116.3447444
$GNGGA,000625.000,3955.10201,11620.31561,39.9196988,116.3447529
$GNGGA,000626.000,3955.09387,11620.31612,39.9195632,116.3447614
$GNGGA,000627.000,3955.08627,11620.31656,39.9194365,116.3447687
$GNGGA,000628.000,3955.07922,11620.31696,39.9193190,116.3447754
$GNGGA,000629.000,3955.07277,11620.31735,39.9192115,116.3447819
$GNGGA,000630.000,3955.06699,11620.31774,39.9191152,116.3447884
$GNGGA,000631.000,3955.06181,11620.31808,39.9190289,116.3447941
$GNGGA,000632.000,3955.05717,11620.31837,39.9189515,116.3447989
$GNGGA,000633.000,3955.05311,11620.31864,39.9188839,116.3448034
$GNGGA,000634.000,3955.04961,11620.31885,39.9188255,116.3448069
$GNGGA,000635.000,3955.04678,11620.31904,39.9187784,116.3448101
$GNGGA,000636.000,3955.04466,11620.31921,39.9187431,116.3448129
$GNGGA,000637.000,3955.04322,11620.31935,39.9187191,116.3448152
$GNGGA,000638.000,3955.04228,11620.31945,39.9187034,116.3448169
$GNGGA,000639.000,3955.04173,11620.31949,39.9186942,116.3448176
$GNGGA,000640.000,3955.04174,11620.31951,39.9186944,116.3448179
$GNGGA,000641.000,3955.04173,11620.31950,39.9186942,116.3448177
$GNGGA,000642.000,3955.04170,11620.31950,39.9186937,116.3448177
$GNGGA,000643.000,3955.04167,11620.31951,39.9186932,116.3448179
$GNGGA,000644.000,3955.04164,11620.31953,39.9186927,116.3448182
$GNGGA,000645.000,3955.04162,11620.31956,39.9186924,116.3448187
$GNGGA,000646.000,3955.04160,11620.31958,39.9186921,116.3448191
$GNGGA,000647.000,3955.04160,11620.31959,39.9186921,116.3448192
$GNGGA,000648.000,3955.04158,11620.31960,39.9186917,116.3448194
$GNGGA,000649.000,3955.04157,11620.31960,39.9186916,116.3448194
$GNGGA,000650.000,3955.04155,11620.31960,39.9186912,116.3448194
$GNGGA,000651.000,3955.04153,11620.31960,39.9186909,116.3448194
$GNGGA,000652.000,3955.04152,11620.31958,39.9186907,116.3448191
$GNGGA,000653.000,3955.04151,11620.31956,39.9186906,116.3448187
$GNGGA,000654.000,3955.04152,11620.31954,39.9186907,116.3448184
$GNGGA,000655.000,3955.04153,11620.31952,39.9186909,116.3448181
$GNGGA,000656.000,3955.04154,11620.31951,39.9186911,116.3448179
$GNGGA,000657.000,3955.04154,11620.31950,39.9186911,116.3448177
$GNGGA,000658.000,3955.04155,11620.31949,39.9186912,116.3448176
$GNGGA,000659.000,3955.04154,11620.31946,39.9186911,116.3448171
$GNGGA,000700.000,3955.04154,11620.31944,39.9186911,116.3448167
$GNGGA,000701.000,3955.04153,11620.31941,39.9186909,116.3448162
$GNGGA,000702.000,3955.04152,11620.31939,39.9186907,116.3448159
$GNGGA,000703.000,3955.04151,11620.31939,39.9186906,116.3448159
$GNGGA,000704.000,3955.04151,11620.31939,39.9186906,116.3448159
$GNGGA,000705.000,3955.04152,11620.31939,39.9186907,116.3448159
$GNGGA,000706.000,3955.04152,11620.31939,39.9186907,116.3448159
$GNGGA,000707.000,3955.04153,11620.31940,39.9186909,116.3448161
$GNGGA,000708.000,3955.04153,11620.31940,39.9186909,116.3448161
$GNGGA,000709.000,3955.04153,11620.31940,39.9186909,116.3448161
$GNGGA,000710.000,3955.04153,11620.31940,39.9186909,116.3448161
$GNGGA,000711.000,3955.04152,11620.31939,39.9186907,116.3448159
$GNGGA,000712.000,3955.04152,11620.31939,39.9186907,116.3448159
$GNGGA,000713.000,3955.04152,11620.31939,39.9186907,116.3448159
$GNGGA,000714.000,3955.04152,11620.31938,39.9186907,116.3448157
$GNGGA,000715.000,3955.04152,11620.31938,39.9186907,116.3448157
$GNGGA,000716.000,3955.04153,11620.31937,39.9186909,116.3448156
$GNGGA,000717.000,3955.04153,11620.31937,39.9186909,116.3448156
$GNGGA,000718.000,3955.04154,11620.31935,39.9186911,116.3448152
$GNGGA,000719.000,3955.04154,11620.31934,39.9186911,116.3448151
$GNGGA,000720.000,3955.04154,11620.31931,39.9186911,116.3448146
$GNGGA,000721.000,3955.04154,11620.31930,39.9186911,116.3448144
$GNGGA,000722.000,3955.04154,11620.31929,39.9186911,116.3448142
$GNGGA,000723.000,3955.04153,11620.31929,39.9186909,116.3448142
$GNGGA,000724.000,3955.04153,11620.31928,39.9186909,116.3448141
$GNGGA,000725.000,3955.04152,11620.31928,39.9186907,116.3448141
$GNGGA,000726.000,3955.04152,11620.31928,39.9186907,116.3448141
$GNGGA,000727.000,3955.04098,11620.31934,39.9186817,116.3448151
$GNGGA,000728.000,3955.03990,11620.31941,39.9186637,116.3448162
$GNGGA,000729.000,3955.03819,11620.31951,39.9186352,116.3448179
$GNGGA,000730.000,3955.03600,11620.31962,39.9185987,116.3448197
$GNGGA,000731.000,3955.03371,11620.31976,39.9185606,116.3448221
$GNGGA,000732.000,3955.03131,11620.31990,39.9185206,116.3448244
$GNGGA,000733.000,3955.02847,11620.32008,39.9184732,116.3448274
$GNGGA,000734.000,3955.02516,11620.32031,39.9184181,116.3448312
$GNGGA,000735.000,3955.02137,11620.32054,39.9183549,116.3448351
$GNGGA,000736.000,3955.01713,11620.32085,39.9182843,116.3448402
$GNGGA,000737.000,3955.01250,11620.32116,39.9182071,116.3448454
$GNGGA,000738.000,3955.00781,11620.32146,39.9181289,116.3448504
$GNGGA,000739.000,3955.00309,11620.32176,39.9180503,116.3448554
$GNGGA,000740.000,3954.99815,11620.32209,39.9179679,116.3448609
$GNGGA,000741.000,3954.99294,11620.32246,39.9178811,116.3448671
$GNGGA,000742.000,3954.98752,11620.32286,39.9177908,116.3448738
$GNGGA,000743.000,3954.98188,11620.32325,39.9176968,116.3448803
$GNGGA,000744.000,3954.97606,11620.32361,39.9175998,116.3448863
$GNGGA,000745.000,3954.97012,11620.32398,39.9175008,116.3448924
$GNGGA,000746.000,3954.96424,11620.32437,39.9174028,116.3448989
$GNGGA,000747.000,3954.95829,11620.32478,39.9173037,116.3449058
$GNGGA,000748.000,3954.95218,11620.32522,39.9172018,116.3449131
$GNGGA,000749.000,3954.94588,11620.32573,39.9170969,116.3449216
$GNGGA,000750.000,3954.93939,11620.32625,39.9169887,116.3449303
$GNGGA,000751.000,3954.93287,11620.32669,39.9168800,116.3449376
$GNGGA,000752.000,3954.92642,11620.32714,39.9167726,116.3449451
$GNGGA,000753.000,3954.92006,11620.32755,39.9166666,116.3449520
$GNGGA,000754.000,3954.91352,11620.32794,39.9165576,116.3449585
$GNGGA,000755.000,3954.90681,11620.32825,39.9164457,116.3449636
$GNGGA,000756.000,3954.89994,11620.32854,39.9163312,116.3449685
$GNGGA,000757.000,3954.89290,11620.32887,39.9162139,116.3449739
$GNGGA,000758.000,3954.88571,11620.32907,39.9160941,116.3449773
$GNGGA,000759.000,3954.87840,11620.32913,39.9159722,116.3449783
$GNGGA,000800.000,3954.87095,11620.32924,39.9158481,116.3449801
$GNGGA,000801.000,3954.86356,11620.32948,39.9157249,116.3449841
$GNGGA,000802.000,3954.85629,11620.32992,39.9156038,116.3449914
$GNGGA,000803.000,3954.84941,11620.33033,39.9154891,116.3449982
$GNGGA,000804.000,3954.84296,11620.33074,39.9153816,116.3450051
$GNGGA,000805.000,3954.83698,11620.33123,39.9152820,116.3450133
$GNGGA,000806.000,3954.83123,11620.33180,39.9151861,116.3450228
$GNGGA,000807.000,3954.82569,11620.33236,39.9150938,116.3450321
$GNGGA,000808.000,3954.82049,11620.33282,39.9150072,116.3450398
$GNGGA,000809.000,3954.81542,11620.33320,39.9149227,116.3450461
$GNGGA,000810.000,3954.81051,11620.33355,39.9148408,116.3450520
$GNGGA,000811.000,3954.80569,11620.33386,39.9147605,116.3450571
$GNGGA,000812.000,3954.80136,11620.33414,39.9146884,116.3450618
$GNGGA,000813.000,3954.79745,11620.33440,39.9146232,116.3450661
$GNGGA,000814.000,3954.79416,11620.33462,39.9145684,116.3450698
$GNGGA,000815.000,3954.79148,11620.33478,39.9145237,116.3450725
$GNGGA,000816.000,3954.78933,11620.33492,39.9144879,116.3450748
$GNGGA,000817.000,3954.78757,11620.33503,39.9144585,116.3450766
$GNGGA,000818.000,3954.78621,11620.33513,39.9144359,116.3450783
$GNGGA,000819.000,3954.78504,11620.33520,39.9144164,116.3450795
$GNGGA,000820.000,3954.78405,11620.33526,39.9143999,116.3450805
$GNGGA,000821.000,3954.78329,11620.33529,39.9143872,116.3450810
$GNGGA,000822.000,3954.78280,11620.33534,39.9143790,116.3450818
$GNGGA,000823.000,3954.78277,11620.33532,39.9143785,116.3450815
$GNGGA,000824.000,3954.78274,11620.33531,39.9143780,116.3450813
$GNGGA,000825.000,3954.78270,11620.33536,39.9143774,116.3450821
$GNGGA,000826.000,3954.78267,11620.33540,39.9143769,116.3450828
$GNGGA,000827.000,3954.78266,11620.33543,39.9143767,116.3450833
$GNGGA,000828.000,3954.78266,11620.33547,39.9143767,116.3450840
$GNGGA,000829.000,3954.78267,11620.33551,39.9143769,116.3450846
$GNGGA,000830.000,3954.78268,11620.33555,39.9143770,116.3450853
$GNGGA,000831.000,3954.78268,11620.33557,39.9143770,116.3450856
$GNGGA,000832.000,3954.78268,11620.33559,39.9143771,116.3450860
$GNGGA,000833.000,3954.78267,11620.33559,39.9143769,116.3450860
$GNGGA,000834.000,3954.78268,11620.33559,39.9143771,116.3450860
$GNGGA,000835.000,3954.78269,11620.33559,39.9143772,116.3450860
$GNGGA,000836.000,3954.78271,11620.33560,39.9143776,116.3450861
$GNGGA,000837.000,3954.78272,11620.33560,39.9143777,116.3450861
$GNGGA,000838.000,3954.78274,11620.33561,39.9143781,116.3450863
$GNGGA,000839.000,3954.78276,11620.33560,39.9143784,116.3450861
$GNGGA,000840.000,3954.78278,11620.33560,39.9143787,116.3450861
$GNGGA,000841.000,3954.78279,11620.33558,39.9143789,116.3450858
$GNGGA,000842.000,3954.78280,11620.33557,39.9143790,116.3450856
$GNGGA,000843.000,3954.78281,11620.33556,39.9143792,116.3450855
$GNGGA,000844.000,3954.78281,11620.33554,39.9143792,116.3450851
$GNGGA,000845.000,3954.78282,11620.33554,39.9143794,116.3450851
$GNGGA,000846.000,3954.78283,11620.33553,39.9143795,116.3450850
$GNGGA,000847.000,3954.78284,11620.33553,39.9143797,116.3450850
$GNGGA,000848.000,3954.78286,11620.33554,39.9143800,116.3450851
$GNGGA,000849.000,3954.78288,11620.33555,39.9143804,116.3450853
$GNGGA,000850.000,3954.78289,11620.33556,39.9143805,116.3450855
$GNGGA,000851.000,3954.78289,11620.33557,39.9143805,116.3450856
$GNGGA,000852.000,3954.78289,11620.33558,39.9143805,116.3450858
$GNGGA,000853.000,3954.78289,11620.33559,39.9143806,116.3450860
$GNGGA,000854.000,3954.78288,11620.33560,39.9143804,116.3450861
$GNGGA,000855.000,3954.78287,11620.33562,39.9143802,116.3450865
$GNGGA,000856.000,3954.78286,11620.33562,39.9143801,116.3450865
$GNGGA,000857.000,3954.78284,11620.33562,39.9143797,116.3450865
$GNGGA,000858.000,3954.78283,11620.33563,39.9143796,116.3450866
$GNGGA,000859.000,3954.78282,11620.33563,39.9143794,116.3450866
$GNGGA,000900.000,3954.78282,11620.33564,39.9143794,116.3450868
$GNGGA,000901.000,3954.78281,11620.33565,39.9143792,116.3450870
$GNGGA,000902.000,3954.78281,11620.33566,39.9143792,116.3450871
$GNGGA,000903.000,3954.78282,11620.33567,39.9143794,116.3450873
$GNGGA,000904.000,3954.78283,11620.33569,39.9143796,116.3450876
$GNGGA,000905.000,3954.78283,11620.33570,39.9143796,116.3450878
$GNGGA,000906.000,3954.78284,11620.33571,39.9143797,116.3450880
$GNGGA,000907.000,3954.78286,11620.33572,39.9143801,116.3450881
$GNGGA,000908.000,3954.78286,11620.33573,39.9143801,116.3450883
$GNGGA,000909.000,3954.78286,11620.33574,39.9143801,116.3450885
$GNGGA,000910.000,3954.78286,11620.33574,39.9143801,116.3450885
$GNGGA,000911.000,3954.78285,11620.33573,39.9143799,116.3450883
$GNGGA,000912.000,3954.78237,11620.33577,39.9143719,116.3450890
$GNGGA,000913.000,3954.78152,11620.33584,39.9143577,116.3450901
$GNGGA,000914.000,3954.78022,11620.33596,39.9143361,116.3450921
$GNGGA,000915.000,3954.77846,11620.33611,39.9143067,116.3450946
$GNGGA,000916.000,3954.77618,11620.33628,39.9142687,116.3450975
$GNGGA,000917.000,3954.77345,11620.33647,39.9142232,116.3451007
$GNGGA,000918.000,3954.77028,11620.33670,39.9141704,116.3451045
$GNGGA,000919.000,3954.76660,11620.33695,39.9141091,116.3451087
$GNGGA,000920.000,3954.76240,11620.33732,39.9140391,116.3451148
$GNGGA,000921.000,3954.75766,11620.33786,39.9139601,116.3451238
$GNGGA,000922.000,3954.75275,11620.33840,39.9138783,116.3451328
$GNGGA,000923.000,3954.74785,11620.33884,39.9137966,116.3451402
$GNGGA,000924.000,3954.74277,11620.33926,39.9137120,116.3451472
$GNGGA,000925.000,3954.73734,11620.33966,39.9136215,116.3451539
$GNGGA,000926.000,3954.73157,11620.33997,39.9135253,116.3451590
$GNGGA,000927.000,3954.72549,11620.34029,39.9134240,116.3451644
$GNGGA,000928.000,3954.71913,11620.34060,39.9133180,116.3451695
$GNGGA,000929.000,3954.71246,11620.34088,39.9132068,116.3451742
$GNGGA,000930.000,3954.70552,11620.34105,39.9130912,116.3451770
$GNGGA,000931.000,3954.69846,11620.34107,39.9129735,116.3451773
$GNGGA,000932.000,3954.69148,11620.34098,39.9128572,116.3451758
$GNGGA,000933.000,3954.68446,11620.34076,39.9127401,116.3451721
$GNGGA,000934.000,3954.67728,11620.34039,39.9126205,116.3451659
$GNGGA,000935.000,3954.66998,11620.33985,39.9124988,116.3451569
$GNGGA,000936.000,3954.66251,11620.33922,39.9123742,116.3451464
$GNGGA,000937.000,3954.65487,11620.33849,39.9122469,116.3451341
$GNGGA,000938.000,3954.64709,11620.33766,39.9121172,116.3451203
$GNGGA,000939.000,3954.63914,11620.33663,39.9119846,116.3451030
$GNGGA,000940.000,3954.63108,11620.33536,39.9118503,116.3450818
$GNGGA,000941.000,3954.62288,11620.33397,39.9117136,116.3450586
$GNGGA,000942.000,3954.61479,11620.33246,39.9115787,116.3450333
$GNGGA,000943.000,3954.60679,11620.33081,39.9114453,116.3450058
$GNGGA,000944.000,3954.59870,11620.32901,39.9113104,116.3449757
$GNGGA,000945.000,3954.59054,11620.32704,39.9111743,116.3449427
$GNGGA,000946.000,3954.58228,11620.32489,39.9110366,116.3449068
$GNGGA,000947.000,3954.57393,11620.32261,39.9108973,116.3448687
$GNGGA,000948.000,3954.56550,11620.32017,39.9107567,116.3448279
$GNGGA,000949.000,3954.55691,11620.31753,39.9106135,116.3447838
$GNGGA,000950.000,3954.54821,11620.31472,39.9104684,116.3447369
$GNGGA,000951.000,3954.53945,11620.31172,39.9103223,116.3446867
$GNGGA,000952.000,3954.53081,11620.30861,39.9101782,116.3446348
$GNGGA,000953.000,3954.52252,11620.30561,39.9100399,116.3445846
$GNGGA,000954.000,3954.51464,11620.30282,39.9099085,116.3445380
$GNGGA,000955.000,3954.50698,11620.30019,39.9097807,116.3444941
$GNGGA,000956.000,3954.49949,11620.29770,39.9096558,116.3444525
$GNGGA,000957.000,3954.49214,11620.29531,39.9095332,116.3444125
$GNGGA,000958.000,3954.48483,11620.29304,39.9094113,116.3443746
$GNGGA,000959.000,3954.47745,11620.29077,39.9092883,116.3443366
$GNGGA,001000.000,3954.47006,11620.28852,39.9091650,116.3442990
$GNGGA,001001.000,3954.46264,11620.28628,39.9090413,116.3442616
$GNGGA,001002.000,3954.45521,11620.28397,39.9089174,116.3442230
$GNGGA,001003.000,3954.44790,11620.28162,39.9087955,116.3441837
$GNGGA,001004.000,3954.44073,11620.27930,39.9086759,116.3441450
$GNGGA,001005.000,3954.43366,11620.27689,39.9085580,116.3441047
